Filename:  D:\Università\IFNS\Lab\Lab-IFNS\Dati\Coeff ass Pb\8.mca
Description:  
TimeStamp:  03/23/2022 15:35:13

ROI Information
Start	End	FWHM (N)	Net Area	Gross Area	Centroid (N)	Uncertainty	Status
368	444	27.628	6436	8461	407.14	1.59	GOOD

Spectral Data Information
Channel	Data
0	0
1	0
2	0
3	0
4	0
5	0
6	0
7	0
8	0
9	0
10	0
11	0
12	0
13	0
14	65
15	72
16	75
17	97
18	69
19	65
20	81
21	84
22	69
23	77
24	69
25	79
26	79
27	94
28	83
29	102
30	109
31	102
32	98
33	85
34	97
35	99
36	95
37	120
38	105
39	102
40	93
41	91
42	144
43	137
44	154
45	155
46	175
47	187
48	213
49	215
50	301
51	285
52	332
53	296
54	255
55	251
56	230
57	187
58	177
59	174
60	188
61	163
62	141
63	126
64	119
65	137
66	125
67	101
68	113
69	123
70	109
71	104
72	100
73	82
74	97
75	107
76	98
77	113
78	115
79	108
80	119
81	110
82	104
83	113
84	98
85	98
86	111
87	97
88	123
89	115
90	112
91	109
92	120
93	107
94	111
95	112
96	107
97	109
98	109
99	113
100	126
101	105
102	111
103	95
104	104
105	103
106	106
107	128
108	98
109	101
110	115
111	103
112	94
113	117
114	117
115	114
116	108
117	146
118	104
119	116
120	108
121	107
122	146
123	120
124	111
125	117
126	125
127	111
128	114
129	122
130	115
131	110
132	119
133	119
134	118
135	117
136	124
137	117
138	125
139	130
140	126
141	137
142	124
143	111
144	139
145	136
146	152
147	122
148	132
149	115
150	141
151	155
152	125
153	136
154	105
155	116
156	117
157	120
158	121
159	116
160	123
161	100
162	112
163	111
164	115
165	83
166	122
167	94
168	106
169	103
170	89
171	99
172	99
173	118
174	101
175	91
176	108
177	100
178	87
179	105
180	79
181	100
182	77
183	100
184	76
185	83
186	95
187	83
188	96
189	91
190	73
191	94
192	80
193	81
194	64
195	80
196	91
197	78
198	70
199	76
200	72
201	75
202	78
203	79
204	71
205	95
206	97
207	86
208	68
209	76
210	68
211	75
212	74
213	73
214	77
215	73
216	71
217	57
218	57
219	70
220	80
221	75
222	85
223	74
224	80
225	80
226	59
227	68
228	76
229	59
230	60
231	61
232	62
233	77
234	73
235	71
236	74
237	70
238	60
239	56
240	56
241	75
242	70
243	80
244	71
245	61
246	70
247	68
248	65
249	82
250	67
251	67
252	91
253	53
254	71
255	74
256	73
257	82
258	72
259	66
260	82
261	75
262	79
263	66
264	69
265	58
266	77
267	75
268	72
269	75
270	60
271	62
272	68
273	85
274	64
275	75
276	71
277	67
278	65
279	75
280	64
281	58
282	66
283	73
284	68
285	74
286	70
287	65
288	65
289	54
290	49
291	70
292	42
293	60
294	45
295	53
296	60
297	50
298	56
299	46
300	48
301	54
302	55
303	55
304	48
305	45
306	44
307	42
308	50
309	41
310	57
311	50
312	52
313	56
314	43
315	41
316	33
317	48
318	46
319	45
320	51
321	47
322	49
323	36
324	47
325	48
326	49
327	49
328	36
329	38
330	31
331	52
332	40
333	45
334	44
335	39
336	39
337	42
338	34
339	36
340	47
341	46
342	49
343	38
344	43
345	34
346	47
347	40
348	47
349	38
350	39
351	43
352	36
353	46
354	39
355	49
356	46
357	45
358	61
359	46
360	39
361	55
362	31
363	32
364	41
365	45
366	50
367	44
368	41
369	54
370	41
371	54
372	44
373	57
374	45
375	64
376	55
377	51
378	72
379	68
380	60
381	69
382	68
383	62
384	80
385	76
386	83
387	96
388	86
389	113
390	98
391	121
392	119
393	117
394	138
395	165
396	139
397	173
398	161
399	170
400	174
401	202
402	190
403	190
404	221
405	223
406	199
407	189
408	223
409	230
410	214
411	232
412	243
413	227
414	212
415	204
416	182
417	193
418	167
419	169
420	172
421	169
422	140
423	146
424	121
425	118
426	97
427	68
428	88
429	67
430	60
431	53
432	47
433	43
434	36
435	30
436	23
437	17
438	27
439	10
440	14
441	12
442	11
443	9
444	13
445	4
446	6
447	4
448	4
449	6
450	2
451	2
452	4
453	6
454	4
455	3
456	1
457	1
458	3
459	5
460	6
461	4
462	3
463	5
464	2
465	1
466	2
467	6
468	0
469	2
470	1
471	6
472	3
473	8
474	3
475	3
476	3
477	2
478	4
479	2
480	2
481	3
482	4
483	8
484	2
485	5
486	4
487	1
488	4
489	2
490	0
491	2
492	3
493	4
494	5
495	2
496	5
497	4
498	2
499	4
500	1
501	4
502	5
503	2
504	4
505	2
506	2
507	2
508	4
509	8
510	5
511	0
512	3
513	3
514	6
515	1
516	7
517	6
518	3
519	2
520	1
521	5
522	0
523	3
524	1
525	2
526	9
527	3
528	2
529	1
530	6
531	2
532	3
533	4
534	6
535	4
536	3
537	2
538	1
539	2
540	2
541	3
542	4
543	2
544	4
545	1
546	3
547	3
548	2
549	2
550	0
551	7
552	3
553	1
554	1
555	1
556	4
557	3
558	8
559	3
560	9
561	4
562	1
563	1
564	3
565	4
566	2
567	1
568	5
569	6
570	3
571	2
572	6
573	3
574	1
575	4
576	2
577	2
578	3
579	1
580	5
581	2
582	3
583	4
584	4
585	8
586	2
587	3
588	5
589	2
590	2
591	2
592	1
593	2
594	2
595	2
596	3
597	2
598	3
599	2
600	2
601	5
602	1
603	1
604	1
605	3
606	2
607	2
608	3
609	3
610	2
611	1
612	3
613	3
614	3
615	4
616	3
617	1
618	1
619	1
620	0
621	1
622	5
623	3
624	2
625	3
626	1
627	3
628	0
629	3
630	2
631	1
632	1
633	4
634	1
635	6
636	1
637	1
638	0
639	2
640	4
641	3
642	3
643	6
644	3
645	1
646	0
647	2
648	5
649	2
650	4
651	2
652	2
653	5
654	2
655	2
656	0
657	5
658	2
659	5
660	3
661	1
662	3
663	1
664	1
665	2
666	3
667	0
668	3
669	2
670	1
671	0
672	1
673	3
674	3
675	2
676	1
677	0
678	1
679	1
680	3
681	1
682	4
683	0
684	3
685	2
686	2
687	1
688	2
689	5
690	0
691	2
692	3
693	4
694	1
695	3
696	3
697	2
698	2
699	1
700	4
701	2
702	1
703	2
704	1
705	0
706	2
707	1
708	1
709	1
710	3
711	1
712	0
713	1
714	1
715	1
716	1
717	3
718	2
719	2
720	1
721	2
722	2
723	2
724	0
725	1
726	1
727	1
728	1
729	3
730	0
731	1
732	2
733	0
734	2
735	0
736	3
737	2
738	3
739	2
740	1
741	1
742	0
743	1
744	2
745	0
746	0
747	5
748	3
749	2
750	3
751	0
752	2
753	2
754	1
755	1
756	2
757	1
758	2
759	0
760	0
761	0
762	3
763	2
764	1
765	1
766	0
767	2
768	0
769	0
770	0
771	2
772	0
773	2
774	0
775	1
776	0
777	1
778	2
779	2
780	1
781	2
782	0
783	0
784	4
785	1
786	2
787	0
788	1
789	0
790	1
791	1
792	1
793	0
794	1
795	1
796	1
797	1
798	3
799	0
800	2
801	0
802	2
803	3
804	0
805	2
806	1
807	1
808	0
809	2
810	0
811	0
812	0
813	2
814	0
815	3
816	0
817	1
818	1
819	1
820	1
821	2
822	0
823	1
824	1
825	1
826	0
827	2
828	3
829	4
830	2
831	2
832	0
833	0
834	1
835	2
836	0
837	1
838	4
839	1
840	0
841	0
842	2
843	3
844	4
845	2
846	0
847	1
848	6
849	1
850	1
851	4
852	3
853	1
854	0
855	4
856	3
857	4
858	2
859	2
860	2
861	1
862	5
863	0
864	1
865	0
866	4
867	1
868	3
869	3
870	2
871	7
872	4
873	4
874	0
875	1
876	3
877	3
878	0
879	2
880	2
881	2
882	3
883	1
884	2
885	5
886	4
887	5
888	3
889	2
890	1
891	1
892	1
893	2
894	0
895	2
896	1
897	0
898	2
899	3
900	4
901	5
902	1
903	2
904	2
905	1
906	3
907	0
908	0
909	0
910	1
911	2
912	0
913	1
914	0
915	0
916	2
917	1
918	1
919	1
920	1
921	0
922	1
923	0
924	1
925	2
926	1
927	0
928	0
929	0
930	0
931	1
932	0
933	0
934	4
935	0
936	0
937	0
938	0
939	1
940	1
941	1
942	3
943	0
944	2
945	1
946	3
947	0
948	0
949	0
950	1
951	0
952	0
953	0
954	0
955	0
956	0
957	3
958	0
959	1
960	0
961	1
962	0
963	0
964	1
965	1
966	0
967	1
968	0
969	1
970	1
971	1
972	0
973	0
974	1
975	0
976	2
977	1
978	1
979	1
980	0
981	0
982	1
983	0
984	1
985	0
986	0
987	0
988	0
989	0
990	1
991	1
992	0
993	0
994	1
995	0
996	1
997	2
998	0
999	0
1000	0
1001	0
1002	0
1003	0
1004	0
1005	0
1006	0
1007	0
1008	1
1009	0
1010	1
1011	0
1012	1
1013	0
1014	0
1015	0
1016	2
1017	0
1018	0
1019	1
1020	1
1021	2
1022	0
1023	0
