Filename:  D:\Università\IFNS\Lab\Lab-IFNS\Dati\Coeff ass Pb\4.mca
Description:  
TimeStamp:  03/23/2022 15:21:24

ROI Information
Start	End	FWHM (N)	Net Area	Gross Area	Centroid (N)	Uncertainty	Status
368	444	30.362	9171	11083	408.76	1.24	GOOD

Spectral Data Information
Channel	Data
0	0
1	0
2	0
3	0
4	0
5	0
6	0
7	0
8	0
9	0
10	0
11	0
12	0
13	0
14	71
15	81
16	86
17	78
18	70
19	95
20	75
21	79
22	78
23	60
24	89
25	82
26	88
27	93
28	101
29	107
30	100
31	121
32	104
33	91
34	95
35	99
36	78
37	100
38	94
39	108
40	103
41	105
42	113
43	132
44	124
45	140
46	174
47	245
48	222
49	226
50	274
51	302
52	297
53	286
54	232
55	242
56	236
57	191
58	207
59	180
60	160
61	161
62	136
63	144
64	143
65	99
66	81
67	108
68	107
69	96
70	96
71	104
72	96
73	99
74	102
75	101
76	108
77	89
78	96
79	98
80	112
81	98
82	108
83	108
84	116
85	99
86	95
87	117
88	97
89	96
90	99
91	105
92	106
93	100
94	108
95	96
96	91
97	87
98	117
99	108
100	102
101	90
102	127
103	126
104	101
105	119
106	136
107	120
108	96
109	96
110	114
111	106
112	109
113	104
114	107
115	127
116	113
117	139
118	105
119	105
120	116
121	141
122	95
123	122
124	131
125	118
126	123
127	101
128	106
129	118
130	100
131	106
132	117
133	133
134	103
135	131
136	129
137	115
138	140
139	137
140	143
141	136
142	149
143	141
144	132
145	124
146	122
147	136
148	138
149	133
150	129
151	114
152	108
153	137
154	137
155	110
156	112
157	122
158	132
159	132
160	135
161	121
162	125
163	115
164	109
165	108
166	113
167	111
168	123
169	129
170	124
171	117
172	110
173	118
174	131
175	115
176	118
177	98
178	107
179	95
180	117
181	110
182	119
183	127
184	117
185	117
186	114
187	91
188	111
189	103
190	96
191	76
192	81
193	87
194	94
195	112
196	92
197	107
198	105
199	90
200	80
201	108
202	88
203	114
204	101
205	99
206	95
207	98
208	95
209	89
210	90
211	94
212	108
213	88
214	90
215	100
216	71
217	104
218	91
219	91
220	113
221	109
222	86
223	88
224	96
225	103
226	70
227	96
228	81
229	93
230	80
231	97
232	67
233	92
234	88
235	82
236	72
237	79
238	91
239	67
240	75
241	94
242	93
243	78
244	71
245	100
246	97
247	99
248	88
249	69
250	90
251	90
252	85
253	85
254	75
255	92
256	84
257	87
258	65
259	83
260	94
261	66
262	88
263	82
264	84
265	97
266	92
267	81
268	88
269	88
270	91
271	71
272	83
273	90
274	94
275	97
276	70
277	83
278	84
279	81
280	73
281	86
282	60
283	63
284	66
285	96
286	62
287	86
288	76
289	69
290	87
291	66
292	73
293	67
294	85
295	57
296	53
297	57
298	63
299	55
300	53
301	49
302	51
303	48
304	59
305	53
306	52
307	49
308	57
309	36
310	61
311	43
312	46
313	43
314	45
315	43
316	41
317	24
318	42
319	40
320	39
321	49
322	39
323	43
324	36
325	32
326	36
327	29
328	35
329	38
330	48
331	34
332	37
333	46
334	40
335	36
336	34
337	40
338	44
339	47
340	37
341	38
342	32
343	34
344	28
345	29
346	38
347	29
348	38
349	33
350	50
351	40
352	36
353	32
354	50
355	35
356	38
357	43
358	28
359	35
360	54
361	34
362	41
363	36
364	45
365	59
366	39
367	34
368	42
369	47
370	41
371	39
372	40
373	33
374	46
375	53
376	58
377	50
378	47
379	67
380	80
381	75
382	70
383	61
384	78
385	106
386	82
387	90
388	94
389	115
390	130
391	136
392	164
393	146
394	186
395	201
396	208
397	203
398	218
399	231
400	231
401	260
402	259
403	284
404	269
405	298
406	300
407	313
408	310
409	309
410	296
411	338
412	325
413	307
414	268
415	312
416	279
417	258
418	262
419	250
420	200
421	211
422	197
423	181
424	188
425	162
426	143
427	102
428	84
429	103
430	92
431	75
432	66
433	63
434	55
435	46
436	39
437	36
438	23
439	27
440	23
441	16
442	13
443	15
444	9
445	5
446	4
447	3
448	6
449	4
450	5
451	4
452	5
453	4
454	0
455	2
456	1
457	0
458	4
459	4
460	2
461	3
462	3
463	4
464	1
465	1
466	2
467	3
468	3
469	2
470	1
471	0
472	1
473	0
474	4
475	1
476	0
477	2
478	2
479	6
480	1
481	1
482	3
483	2
484	4
485	0
486	2
487	3
488	3
489	1
490	0
491	0
492	2
493	1
494	1
495	2
496	0
497	1
498	1
499	1
500	4
501	4
502	3
503	1
504	1
505	1
506	1
507	1
508	0
509	1
510	1
511	0
512	2
513	3
514	0
515	1
516	2
517	5
518	0
519	0
520	3
521	2
522	3
523	2
524	1
525	0
526	2
527	4
528	3
529	3
530	1
531	0
532	2
533	0
534	3
535	2
536	2
537	1
538	3
539	1
540	1
541	3
542	3
543	2
544	7
545	3
546	2
547	1
548	4
549	2
550	1
551	1
552	3
553	1
554	2
555	1
556	0
557	4
558	0
559	4
560	2
561	0
562	3
563	6
564	2
565	5
566	1
567	2
568	1
569	3
570	2
571	1
572	2
573	4
574	1
575	0
576	1
577	0
578	1
579	1
580	0
581	1
582	4
583	1
584	3
585	1
586	2
587	3
588	1
589	1
590	5
591	3
592	2
593	3
594	0
595	2
596	3
597	2
598	1
599	3
600	1
601	5
602	0
603	2
604	4
605	3
606	1
607	0
608	1
609	3
610	1
611	1
612	1
613	3
614	2
615	1
616	0
617	2
618	0
619	3
620	0
621	2
622	2
623	1
624	0
625	2
626	3
627	3
628	1
629	2
630	1
631	2
632	1
633	1
634	0
635	1
636	1
637	1
638	0
639	0
640	1
641	1
642	0
643	0
644	3
645	1
646	1
647	2
648	2
649	0
650	1
651	1
652	0
653	0
654	0
655	2
656	2
657	2
658	2
659	0
660	0
661	0
662	0
663	0
664	1
665	2
666	1
667	1
668	2
669	2
670	0
671	0
672	2
673	1
674	1
675	0
676	1
677	0
678	2
679	1
680	4
681	1
682	1
683	2
684	0
685	1
686	2
687	1
688	0
689	0
690	2
691	0
692	0
693	1
694	2
695	2
696	2
697	1
698	2
699	0
700	0
701	2
702	0
703	0
704	0
705	0
706	1
707	1
708	1
709	3
710	2
711	2
712	0
713	1
714	1
715	0
716	1
717	1
718	2
719	1
720	1
721	0
722	1
723	1
724	3
725	1
726	1
727	3
728	0
729	1
730	2
731	0
732	0
733	2
734	1
735	2
736	0
737	0
738	0
739	1
740	2
741	0
742	0
743	0
744	0
745	0
746	2
747	1
748	1
749	2
750	2
751	0
752	0
753	1
754	1
755	0
756	0
757	2
758	0
759	0
760	0
761	1
762	1
763	0
764	1
765	1
766	2
767	0
768	1
769	0
770	0
771	0
772	1
773	2
774	1
775	2
776	0
777	2
778	1
779	1
780	0
781	0
782	1
783	1
784	0
785	4
786	1
787	1
788	2
789	1
790	1
791	0
792	1
793	1
794	3
795	1
796	1
797	0
798	2
799	1
800	0
801	1
802	1
803	0
804	1
805	0
806	1
807	0
808	0
809	1
810	0
811	2
812	0
813	1
814	1
815	1
816	1
817	3
818	0
819	1
820	1
821	0
822	0
823	2
824	0
825	2
826	1
827	2
828	1
829	0
830	1
831	0
832	1
833	1
834	1
835	1
836	0
837	1
838	1
839	2
840	2
841	1
842	0
843	1
844	0
845	1
846	0
847	1
848	1
849	0
850	0
851	1
852	0
853	0
854	2
855	4
856	0
857	1
858	0
859	2
860	1
861	1
862	1
863	2
864	3
865	0
866	1
867	2
868	0
869	2
870	0
871	3
872	1
873	0
874	2
875	1
876	1
877	0
878	0
879	2
880	4
881	2
882	0
883	1
884	1
885	2
886	2
887	5
888	0
889	2
890	1
891	2
892	2
893	2
894	0
895	0
896	0
897	2
898	1
899	1
900	2
901	1
902	0
903	1
904	0
905	1
906	0
907	1
908	0
909	2
910	0
911	2
912	0
913	0
914	1
915	0
916	0
917	0
918	1
919	1
920	0
921	0
922	1
923	0
924	1
925	0
926	1
927	2
928	1
929	0
930	0
931	0
932	0
933	0
934	0
935	0
936	0
937	0
938	0
939	0
940	0
941	0
942	0
943	0
944	0
945	0
946	1
947	0
948	0
949	0
950	0
951	0
952	0
953	1
954	0
955	0
956	0
957	0
958	0
959	0
960	1
961	0
962	0
963	0
964	0
965	0
966	0
967	0
968	0
969	1
970	0
971	0
972	0
973	0
974	0
975	1
976	0
977	0
978	1
979	0
980	0
981	0
982	0
983	0
984	0
985	0
986	1
987	1
988	0
989	0
990	0
991	0
992	0
993	0
994	0
995	0
996	0
997	1
998	0
999	0
1000	1
1001	0
1002	0
1003	1
1004	0
1005	0
1006	0
1007	0
1008	0
1009	0
1010	0
1011	0
1012	2
1013	0
1014	1
1015	1
1016	0
1017	0
1018	0
1019	0
1020	0
1021	0
1022	0
1023	0
