Filename:  D:\Università\IFNS\Lab\Lab-IFNS\Dati\Coeff ass Pb\0.mca
Description:  
TimeStamp:  03/23/2022 15:12:19

ROI Information
Start	End	FWHM (N)	Net Area	Gross Area	Centroid (N)	Uncertainty	Status
368	444	29.622	9353	10590	409.04	1.16	GOOD

Spectral Data Information
Channel	Data
0	0
1	0
2	0
3	0
4	0
5	0
6	0
7	0
8	0
9	0
10	0
11	0
12	0
13	0
14	66
15	62
16	86
17	88
18	110
19	152
20	262
21	354
22	476
23	511
24	410
25	292
26	186
27	146
28	117
29	93
30	90
31	91
32	104
33	84
34	69
35	82
36	72
37	81
38	88
39	107
40	84
41	95
42	87
43	86
44	121
45	113
46	119
47	147
48	167
49	194
50	218
51	257
52	267
53	226
54	208
55	189
56	150
57	149
58	123
59	146
60	145
61	140
62	100
63	84
64	95
65	72
66	88
67	73
68	83
69	70
70	87
71	67
72	71
73	65
74	82
75	74
76	67
77	75
78	82
79	82
80	64
81	66
82	95
83	98
84	81
85	88
86	73
87	79
88	70
89	94
90	92
91	99
92	78
93	65
94	71
95	85
96	84
97	70
98	68
99	92
100	83
101	67
102	82
103	86
104	69
105	81
106	80
107	80
108	91
109	74
110	78
111	74
112	93
113	92
114	93
115	102
116	87
117	94
118	81
119	85
120	88
121	102
122	109
123	107
124	111
125	100
126	102
127	134
128	106
129	109
130	123
131	95
132	109
133	120
134	111
135	111
136	120
137	125
138	138
139	111
140	132
141	128
142	142
143	133
144	121
145	115
146	146
147	126
148	129
149	117
150	136
151	116
152	123
153	126
154	116
155	107
156	114
157	121
158	118
159	113
160	115
161	108
162	116
163	118
164	94
165	108
166	121
167	92
168	77
169	86
170	109
171	96
172	105
173	115
174	99
175	97
176	99
177	106
178	105
179	83
180	95
181	88
182	97
183	103
184	93
185	82
186	93
187	68
188	85
189	77
190	85
191	78
192	73
193	82
194	73
195	88
196	95
197	72
198	75
199	82
200	90
201	80
202	87
203	64
204	89
205	67
206	85
207	70
208	70
209	63
210	58
211	94
212	65
213	91
214	66
215	69
216	79
217	71
218	61
219	73
220	82
221	69
222	62
223	64
224	67
225	53
226	63
227	52
228	65
229	85
230	70
231	63
232	72
233	61
234	49
235	53
236	61
237	42
238	67
239	42
240	67
241	46
242	63
243	55
244	78
245	44
246	50
247	55
248	57
249	53
250	61
251	45
252	56
253	55
254	55
255	51
256	47
257	53
258	51
259	61
260	49
261	65
262	54
263	62
264	56
265	61
266	53
267	57
268	55
269	58
270	71
271	61
272	56
273	48
274	38
275	49
276	51
277	50
278	67
279	57
280	45
281	59
282	51
283	43
284	40
285	48
286	54
287	51
288	53
289	41
290	41
291	43
292	48
293	39
294	31
295	34
296	26
297	35
298	37
299	33
300	28
301	25
302	32
303	20
304	20
305	21
306	18
307	22
308	14
309	25
310	13
311	17
312	16
313	22
314	18
315	13
316	7
317	19
318	14
319	12
320	15
321	9
322	17
323	10
324	14
325	14
326	5
327	11
328	10
329	10
330	10
331	17
332	12
333	12
334	9
335	12
336	8
337	5
338	13
339	8
340	10
341	6
342	10
343	11
344	8
345	8
346	10
347	9
348	11
349	7
350	5
351	14
352	10
353	8
354	18
355	11
356	9
357	15
358	8
359	16
360	17
361	15
362	9
363	17
364	13
365	18
366	13
367	19
368	22
369	15
370	18
371	25
372	25
373	15
374	18
375	35
376	33
377	37
378	33
379	41
380	30
381	50
382	52
383	67
384	64
385	66
386	82
387	85
388	104
389	122
390	92
391	121
392	135
393	146
394	146
395	179
396	197
397	200
398	219
399	215
400	242
401	260
402	248
403	257
404	280
405	286
406	318
407	310
408	326
409	308
410	307
411	317
412	282
413	319
414	293
415	283
416	278
417	292
418	280
419	248
420	239
421	209
422	184
423	201
424	182
425	152
426	119
427	123
428	120
429	107
430	75
431	82
432	76
433	66
434	51
435	38
436	31
437	34
438	21
439	20
440	16
441	24
442	12
443	7
444	11
445	7
446	2
447	2
448	3
449	1
450	4
451	1
452	1
453	3
454	0
455	1
456	0
457	0
458	0
459	0
460	1
461	2
462	0
463	2
464	1
465	0
466	1
467	0
468	0
469	1
470	0
471	0
472	1
473	2
474	0
475	0
476	1
477	1
478	1
479	0
480	0
481	2
482	0
483	0
484	1
485	1
486	1
487	1
488	1
489	0
490	1
491	0
492	0
493	0
494	0
495	0
496	4
497	2
498	1
499	2
500	0
501	1
502	0
503	1
504	0
505	2
506	1
507	1
508	1
509	1
510	0
511	0
512	4
513	2
514	0
515	0
516	0
517	0
518	0
519	2
520	2
521	2
522	1
523	0
524	0
525	0
526	0
527	2
528	1
529	0
530	0
531	1
532	1
533	0
534	0
535	3
536	2
537	0
538	1
539	1
540	1
541	0
542	1
543	0
544	1
545	0
546	0
547	0
548	0
549	0
550	2
551	0
552	1
553	1
554	1
555	0
556	0
557	0
558	1
559	1
560	0
561	0
562	3
563	2
564	0
565	1
566	2
567	1
568	0
569	0
570	1
571	0
572	0
573	0
574	0
575	0
576	0
577	1
578	1
579	0
580	0
581	0
582	1
583	1
584	0
585	1
586	2
587	0
588	1
589	1
590	0
591	2
592	0
593	0
594	0
595	0
596	0
597	0
598	0
599	1
600	1
601	0
602	0
603	0
604	0
605	0
606	0
607	0
608	0
609	0
610	1
611	0
612	0
613	1
614	1
615	1
616	0
617	0
618	0
619	0
620	1
621	3
622	0
623	1
624	0
625	1
626	0
627	2
628	2
629	0
630	0
631	0
632	0
633	0
634	1
635	0
636	0
637	0
638	1
639	1
640	0
641	1
642	1
643	0
644	0
645	1
646	1
647	0
648	2
649	0
650	0
651	0
652	0
653	1
654	0
655	0
656	0
657	0
658	0
659	0
660	0
661	2
662	2
663	0
664	1
665	0
666	1
667	0
668	0
669	0
670	1
671	0
672	0
673	1
674	1
675	0
676	0
677	0
678	0
679	0
680	1
681	0
682	0
683	1
684	1
685	0
686	1
687	0
688	1
689	0
690	1
691	0
692	0
693	2
694	1
695	1
696	0
697	0
698	1
699	0
700	1
701	0
702	1
703	1
704	1
705	1
706	0
707	0
708	2
709	1
710	1
711	0
712	0
713	1
714	1
715	1
716	1
717	0
718	1
719	1
720	1
721	1
722	1
723	0
724	2
725	0
726	0
727	0
728	0
729	1
730	0
731	0
732	0
733	1
734	1
735	0
736	0
737	0
738	1
739	0
740	0
741	1
742	2
743	0
744	0
745	1
746	0
747	3
748	2
749	0
750	0
751	0
752	0
753	0
754	0
755	0
756	0
757	1
758	0
759	1
760	2
761	0
762	1
763	0
764	2
765	0
766	1
767	0
768	0
769	0
770	0
771	0
772	0
773	0
774	0
775	1
776	0
777	0
778	0
779	0
780	0
781	0
782	0
783	2
784	0
785	1
786	0
787	0
788	1
789	0
790	0
791	0
792	0
793	0
794	0
795	0
796	0
797	0
798	1
799	0
800	0
801	0
802	0
803	0
804	1
805	0
806	0
807	1
808	0
809	0
810	0
811	1
812	0
813	0
814	0
815	1
816	0
817	0
818	0
819	0
820	0
821	0
822	1
823	0
824	0
825	0
826	0
827	1
828	0
829	1
830	0
831	0
832	1
833	0
834	0
835	0
836	0
837	1
838	0
839	0
840	0
841	0
842	0
843	1
844	0
845	1
846	1
847	0
848	0
849	1
850	1
851	0
852	0
853	0
854	0
855	0
856	0
857	0
858	0
859	1
860	0
861	1
862	0
863	0
864	0
865	2
866	1
867	1
868	2
869	0
870	0
871	1
872	0
873	1
874	2
875	0
876	2
877	1
878	0
879	1
880	0
881	2
882	0
883	0
884	2
885	1
886	0
887	1
888	0
889	0
890	0
891	0
892	2
893	0
894	0
895	0
896	0
897	0
898	0
899	0
900	1
901	0
902	1
903	0
904	2
905	1
906	0
907	0
908	0
909	0
910	0
911	0
912	0
913	0
914	0
915	0
916	0
917	0
918	0
919	0
920	0
921	0
922	1
923	0
924	0
925	0
926	0
927	1
928	0
929	0
930	0
931	0
932	0
933	0
934	0
935	0
936	0
937	1
938	1
939	0
940	0
941	0
942	0
943	0
944	0
945	0
946	1
947	0
948	0
949	0
950	0
951	0
952	0
953	0
954	0
955	0
956	0
957	0
958	0
959	0
960	0
961	0
962	0
963	1
964	0
965	0
966	0
967	0
968	0
969	0
970	0
971	0
972	2
973	0
974	0
975	1
976	0
977	0
978	0
979	0
980	0
981	0
982	0
983	0
984	0
985	0
986	0
987	0
988	0
989	0
990	1
991	0
992	1
993	0
994	0
995	0
996	0
997	0
998	0
999	0
1000	1
1001	0
1002	0
1003	0
1004	0
1005	0
1006	0
1007	0
1008	1
1009	0
1010	0
1011	1
1012	0
1013	1
1014	1
1015	0
1016	0
1017	1
1018	1
1019	0
1020	0
1021	0
1022	0
1023	0
