Filename:  D:\Università\IFNS\Lab\Lab-IFNS\Dati\Coeff ass Pb\2.mca
Description:  
TimeStamp:  03/23/2022 15:16:57

ROI Information
Start	End	FWHM (N)	Net Area	Gross Area	Centroid (N)	Uncertainty	Status
368	444	25.274	9354	10779	408.72	1.18	GOOD

Spectral Data Information
Channel	Data
0	0
1	0
2	0
3	0
4	0
5	0
6	0
7	0
8	0
9	0
10	0
11	0
12	0
13	0
14	60
15	52
16	55
17	91
18	74
19	66
20	77
21	67
22	72
23	70
24	73
25	74
26	75
27	66
28	67
29	86
30	92
31	82
32	71
33	101
34	103
35	74
36	84
37	91
38	96
39	86
40	100
41	105
42	119
43	127
44	115
45	140
46	141
47	161
48	200
49	194
50	237
51	264
52	283
53	255
54	230
55	186
56	191
57	177
58	181
59	151
60	144
61	132
62	124
63	121
64	90
65	111
66	107
67	84
68	73
69	69
70	95
71	94
72	85
73	83
74	77
75	98
76	77
77	101
78	86
79	91
80	88
81	99
82	90
83	94
84	84
85	85
86	74
87	67
88	97
89	79
90	96
91	94
92	98
93	83
94	95
95	85
96	100
97	86
98	103
99	86
100	92
101	90
102	88
103	64
104	84
105	81
106	84
107	95
108	81
109	89
110	73
111	83
112	84
113	103
114	89
115	92
116	96
117	96
118	106
119	95
120	84
121	108
122	132
123	103
124	122
125	95
126	109
127	110
128	114
129	97
130	107
131	99
132	107
133	113
134	104
135	118
136	126
137	108
138	104
139	110
140	116
141	127
142	127
143	108
144	106
145	120
146	120
147	127
148	104
149	110
150	111
151	105
152	129
153	110
154	97
155	118
156	105
157	120
158	101
159	98
160	111
161	100
162	102
163	99
164	106
165	114
166	103
167	112
168	109
169	111
170	99
171	90
172	104
173	94
174	103
175	106
176	104
177	112
178	112
179	111
180	93
181	114
182	109
183	112
184	105
185	116
186	90
187	90
188	88
189	92
190	86
191	97
192	103
193	102
194	113
195	97
196	102
197	100
198	105
199	94
200	103
201	92
202	93
203	92
204	94
205	92
206	104
207	105
208	90
209	89
210	106
211	98
212	88
213	102
214	87
215	83
216	75
217	68
218	106
219	75
220	69
221	89
222	73
223	92
224	89
225	79
226	93
227	91
228	68
229	71
230	89
231	67
232	97
233	88
234	74
235	78
236	73
237	58
238	81
239	90
240	87
241	82
242	73
243	90
244	74
245	68
246	67
247	85
248	71
249	87
250	69
251	63
252	74
253	81
254	70
255	64
256	88
257	78
258	70
259	55
260	59
261	81
262	62
263	82
264	74
265	75
266	81
267	70
268	79
269	62
270	66
271	69
272	51
273	72
274	77
275	72
276	74
277	57
278	66
279	62
280	60
281	76
282	74
283	62
284	79
285	63
286	56
287	71
288	52
289	58
290	56
291	54
292	51
293	53
294	52
295	54
296	41
297	41
298	45
299	40
300	45
301	50
302	38
303	44
304	37
305	40
306	41
307	30
308	25
309	33
310	43
311	29
312	27
313	33
314	31
315	25
316	27
317	25
318	27
319	25
320	24
321	28
322	25
323	30
324	31
325	29
326	22
327	16
328	19
329	31
330	26
331	24
332	22
333	29
334	27
335	22
336	27
337	23
338	26
339	18
340	26
341	27
342	23
343	26
344	21
345	17
346	20
347	16
348	28
349	21
350	20
351	23
352	24
353	29
354	15
355	25
356	23
357	27
358	23
359	24
360	26
361	26
362	19
363	28
364	22
365	34
366	25
367	43
368	29
369	30
370	37
371	29
372	28
373	42
374	28
375	37
376	52
377	35
378	47
379	49
380	48
381	76
382	78
383	64
384	71
385	73
386	102
387	109
388	96
389	110
390	132
391	127
392	140
393	163
394	165
395	177
396	179
397	208
398	173
399	222
400	234
401	251
402	253
403	281
404	283
405	251
406	288
407	289
408	319
409	324
410	321
411	316
412	281
413	328
414	291
415	310
416	267
417	253
418	256
419	267
420	213
421	217
422	180
423	173
424	164
425	160
426	161
427	127
428	120
429	103
430	108
431	89
432	64
433	53
434	46
435	46
436	35
437	31
438	14
439	21
440	19
441	22
442	13
443	10
444	9
445	5
446	4
447	3
448	5
449	3
450	1
451	4
452	2
453	3
454	2
455	0
456	1
457	1
458	2
459	2
460	2
461	2
462	1
463	4
464	1
465	1
466	1
467	0
468	1
469	2
470	1
471	1
472	1
473	2
474	1
475	2
476	0
477	2
478	2
479	1
480	3
481	2
482	0
483	1
484	1
485	2
486	2
487	1
488	0
489	0
490	1
491	0
492	0
493	1
494	0
495	3
496	2
497	2
498	0
499	1
500	1
501	0
502	1
503	1
504	2
505	4
506	0
507	1
508	1
509	3
510	0
511	2
512	1
513	0
514	1
515	2
516	0
517	0
518	1
519	0
520	3
521	2
522	1
523	0
524	2
525	2
526	0
527	1
528	2
529	2
530	1
531	1
532	3
533	0
534	1
535	1
536	1
537	1
538	2
539	2
540	1
541	2
542	1
543	0
544	1
545	1
546	1
547	0
548	2
549	1
550	0
551	1
552	0
553	1
554	5
555	0
556	0
557	1
558	1
559	1
560	2
561	1
562	0
563	1
564	2
565	2
566	1
567	1
568	0
569	1
570	0
571	0
572	0
573	0
574	1
575	1
576	2
577	0
578	2
579	0
580	1
581	0
582	2
583	0
584	2
585	3
586	1
587	1
588	1
589	2
590	0
591	4
592	0
593	0
594	1
595	1
596	0
597	0
598	1
599	0
600	2
601	0
602	1
603	1
604	1
605	0
606	1
607	0
608	0
609	2
610	3
611	0
612	2
613	1
614	1
615	1
616	0
617	1
618	0
619	0
620	1
621	0
622	3
623	0
624	1
625	0
626	0
627	1
628	2
629	0
630	0
631	0
632	1
633	0
634	0
635	2
636	0
637	1
638	2
639	1
640	1
641	0
642	0
643	0
644	2
645	1
646	1
647	0
648	0
649	2
650	1
651	0
652	1
653	1
654	4
655	0
656	1
657	1
658	1
659	0
660	2
661	1
662	0
663	3
664	0
665	2
666	0
667	0
668	0
669	0
670	0
671	3
672	1
673	1
674	1
675	2
676	0
677	0
678	2
679	1
680	0
681	1
682	1
683	0
684	1
685	1
686	1
687	0
688	0
689	0
690	0
691	0
692	1
693	2
694	1
695	1
696	0
697	0
698	1
699	2
700	1
701	2
702	0
703	2
704	0
705	2
706	0
707	1
708	1
709	0
710	0
711	0
712	0
713	1
714	0
715	2
716	0
717	0
718	2
719	0
720	0
721	1
722	0
723	1
724	1
725	0
726	0
727	0
728	0
729	1
730	0
731	0
732	1
733	1
734	1
735	1
736	0
737	2
738	1
739	0
740	2
741	0
742	2
743	1
744	0
745	0
746	0
747	2
748	0
749	1
750	1
751	0
752	1
753	1
754	0
755	0
756	0
757	0
758	0
759	0
760	0
761	1
762	0
763	0
764	0
765	0
766	0
767	0
768	1
769	0
770	0
771	0
772	0
773	1
774	1
775	3
776	0
777	1
778	1
779	0
780	1
781	1
782	0
783	0
784	0
785	0
786	0
787	0
788	1
789	1
790	1
791	1
792	0
793	1
794	0
795	0
796	1
797	0
798	1
799	0
800	0
801	2
802	0
803	0
804	0
805	0
806	1
807	0
808	0
809	1
810	0
811	1
812	0
813	1
814	1
815	0
816	1
817	0
818	0
819	0
820	0
821	0
822	0
823	1
824	0
825	2
826	1
827	1
828	0
829	0
830	0
831	1
832	1
833	0
834	1
835	1
836	0
837	1
838	0
839	1
840	1
841	0
842	0
843	2
844	1
845	1
846	0
847	0
848	1
849	0
850	0
851	0
852	0
853	0
854	2
855	3
856	1
857	4
858	1
859	1
860	0
861	1
862	1
863	2
864	2
865	0
866	3
867	0
868	2
869	1
870	3
871	0
872	0
873	0
874	0
875	1
876	0
877	2
878	2
879	1
880	0
881	2
882	0
883	0
884	3
885	2
886	1
887	0
888	0
889	1
890	0
891	0
892	0
893	1
894	0
895	1
896	0
897	1
898	0
899	1
900	0
901	0
902	1
903	0
904	2
905	2
906	0
907	0
908	2
909	1
910	0
911	1
912	0
913	0
914	0
915	0
916	1
917	0
918	0
919	0
920	0
921	1
922	2
923	0
924	1
925	0
926	0
927	0
928	0
929	0
930	0
931	0
932	0
933	0
934	0
935	0
936	1
937	0
938	0
939	0
940	0
941	0
942	0
943	0
944	0
945	0
946	0
947	0
948	0
949	0
950	0
951	0
952	0
953	0
954	0
955	0
956	0
957	0
958	0
959	0
960	0
961	0
962	0
963	0
964	1
965	0
966	0
967	0
968	0
969	0
970	0
971	1
972	0
973	0
974	0
975	1
976	0
977	0
978	1
979	0
980	0
981	0
982	0
983	0
984	0
985	0
986	0
987	0
988	0
989	0
990	0
991	0
992	0
993	0
994	2
995	0
996	0
997	0
998	0
999	0
1000	1
1001	0
1002	0
1003	1
1004	0
1005	1
1006	0
1007	0
1008	0
1009	0
1010	0
1011	0
1012	0
1013	0
1014	0
1015	0
1016	0
1017	0
1018	1
1019	0
1020	0
1021	0
1022	0
1023	0
