Filename:  D:\Università\IFNS\Lab\Lab-IFNS\Dati\137Cs_C29_activity.mca
Description:  
TimeStamp:  03/22/2022 17:02:41

ROI Information
Start	End	FWHM (N)	Net Area	Gross Area	Centroid (N)	Uncertainty	Status
353	445	30.780	16060	17152	403.41	0.84	GOOD

Spectral Data Information
Channel	Data
0	0
1	0
2	0
3	0
4	0
5	0
6	0
7	0
8	0
9	0
10	0
11	0
12	0
13	0
14	109
15	89
16	121
17	138
18	182
19	297
20	443
21	651
22	780
23	761
24	570
25	462
26	316
27	222
28	174
29	138
30	147
31	127
32	127
33	140
34	125
35	128
36	135
37	139
38	143
39	151
40	147
41	150
42	177
43	209
44	188
45	207
46	238
47	267
48	328
49	357
50	416
51	405
52	394
53	409
54	318
55	290
56	275
57	262
58	265
59	215
60	208
61	205
62	159
63	144
64	144
65	123
66	141
67	132
68	104
69	111
70	132
71	121
72	130
73	137
74	134
75	149
76	132
77	133
78	98
79	137
80	142
81	126
82	140
83	123
84	141
85	152
86	150
87	162
88	131
89	139
90	127
91	130
92	148
93	139
94	144
95	144
96	140
97	148
98	161
99	128
100	135
101	151
102	131
103	144
104	132
105	128
106	137
107	126
108	125
109	143
110	147
111	141
112	164
113	155
114	153
115	148
116	165
117	170
118	168
119	141
120	163
121	183
122	164
123	172
124	166
125	183
126	218
127	188
128	218
129	195
130	197
131	225
132	205
133	196
134	185
135	184
136	191
137	194
138	213
139	210
140	188
141	185
142	207
143	188
144	192
145	206
146	191
147	206
148	192
149	192
150	183
151	222
152	204
153	182
154	180
155	191
156	195
157	186
158	189
159	163
160	196
161	184
162	177
163	186
164	168
165	198
166	193
167	189
168	169
169	167
170	137
171	181
172	165
173	156
174	169
175	175
176	161
177	134
178	146
179	168
180	156
181	145
182	184
183	162
184	168
185	142
186	155
187	163
188	150
189	135
190	120
191	129
192	154
193	140
194	126
195	116
196	131
197	134
198	148
199	128
200	119
201	119
202	117
203	122
204	120
205	103
206	114
207	107
208	93
209	109
210	114
211	110
212	111
213	92
214	106
215	104
216	113
217	110
218	101
219	120
220	100
221	91
222	105
223	87
224	109
225	88
226	112
227	112
228	98
229	105
230	99
231	80
232	110
233	102
234	90
235	95
236	92
237	102
238	94
239	91
240	83
241	97
242	86
243	77
244	96
245	75
246	95
247	98
248	102
249	93
250	83
251	93
252	92
253	76
254	101
255	91
256	92
257	95
258	89
259	81
260	73
261	83
262	86
263	75
264	96
265	105
266	90
267	79
268	77
269	83
270	103
271	93
272	91
273	87
274	75
275	105
276	97
277	84
278	94
279	79
280	87
281	83
282	70
283	78
284	82
285	80
286	77
287	68
288	68
289	60
290	56
291	49
292	70
293	64
294	48
295	41
296	43
297	48
298	41
299	39
300	33
301	44
302	36
303	25
304	28
305	27
306	28
307	35
308	23
309	22
310	27
311	31
312	20
313	26
314	34
315	30
316	18
317	20
318	26
319	20
320	22
321	20
322	18
323	18
324	26
325	25
326	17
327	17
328	18
329	24
330	23
331	9
332	15
333	10
334	17
335	21
336	15
337	16
338	15
339	22
340	27
341	18
342	18
343	21
344	22
345	16
346	23
347	20
348	13
349	11
350	17
351	30
352	19
353	17
354	20
355	20
356	25
357	22
358	32
359	27
360	19
361	25
362	39
363	19
364	26
365	21
366	22
367	29
368	34
369	40
370	46
371	52
372	57
373	54
374	64
375	75
376	67
377	82
378	83
379	80
380	123
381	124
382	142
383	163
384	183
385	172
386	191
387	228
388	232
389	285
390	275
391	313
392	313
393	302
394	348
395	359
396	401
397	435
398	435
399	478
400	429
401	492
402	480
403	520
404	509
405	484
406	478
407	498
408	476
409	490
410	486
411	431
412	416
413	399
414	408
415	353
416	362
417	327
418	318
419	281
420	243
421	246
422	187
423	176
424	143
425	127
426	113
427	120
428	94
429	80
430	84
431	52
432	44
433	39
434	28
435	30
436	27
437	23
438	15
439	14
440	10
441	13
442	7
443	12
444	6
445	7
446	5
447	3
448	3
449	2
450	2
451	1
452	3
453	3
454	2
455	2
456	4
457	4
458	2
459	4
460	1
461	3
462	1
463	1
464	3
465	1
466	1
467	3
468	2
469	1
470	3
471	3
472	2
473	2
474	3
475	1
476	2
477	3
478	1
479	3
480	2
481	0
482	2
483	2
484	5
485	4
486	1
487	1
488	0
489	6
490	0
491	2
492	1
493	1
494	4
495	2
496	2
497	0
498	3
499	1
500	1
501	2
502	3
503	0
504	0
505	2
506	2
507	2
508	0
509	3
510	2
511	1
512	1
513	1
514	4
515	3
516	1
517	3
518	1
519	2
520	0
521	2
522	1
523	1
524	1
525	1
526	2
527	0
528	1
529	2
530	4
531	4
532	1
533	2
534	2
535	2
536	2
537	0
538	0
539	3
540	2
541	0
542	1
543	2
544	1
545	2
546	2
547	0
548	1
549	2
550	1
551	3
552	1
553	2
554	1
555	2
556	2
557	3
558	1
559	2
560	3
561	0
562	1
563	1
564	0
565	3
566	5
567	1
568	1
569	2
570	2
571	1
572	3
573	1
574	2
575	3
576	0
577	2
578	1
579	2
580	1
581	2
582	1
583	3
584	3
585	1
586	3
587	2
588	2
589	4
590	1
591	2
592	1
593	2
594	2
595	0
596	1
597	2
598	1
599	1
600	0
601	1
602	4
603	3
604	2
605	1
606	2
607	0
608	2
609	0
610	0
611	0
612	0
613	4
614	3
615	0
616	0
617	2
618	1
619	1
620	0
621	1
622	2
623	3
624	4
625	1
626	1
627	2
628	2
629	2
630	1
631	4
632	0
633	0
634	3
635	2
636	0
637	0
638	0
639	0
640	4
641	2
642	1
643	2
644	0
645	2
646	0
647	2
648	0
649	0
650	1
651	1
652	0
653	1
654	3
655	1
656	1
657	2
658	0
659	1
660	1
661	1
662	3
663	1
664	3
665	1
666	1
667	2
668	2
669	0
670	0
671	3
672	0
673	1
674	0
675	1
676	0
677	2
678	3
679	1
680	1
681	0
682	2
683	1
684	0
685	1
686	2
687	1
688	0
689	0
690	2
691	0
692	0
693	3
694	1
695	0
696	1
697	0
698	1
699	0
700	3
701	0
702	1
703	0
704	0
705	2
706	0
707	0
708	2
709	3
710	3
711	2
712	1
713	0
714	0
715	1
716	1
717	0
718	0
719	1
720	1
721	1
722	3
723	0
724	0
725	1
726	2
727	1
728	1
729	0
730	1
731	0
732	1
733	2
734	1
735	0
736	0
737	0
738	2
739	0
740	0
741	2
742	0
743	0
744	1
745	0
746	0
747	0
748	2
749	0
750	0
751	0
752	1
753	1
754	0
755	0
756	0
757	3
758	0
759	0
760	0
761	0
762	2
763	1
764	2
765	0
766	0
767	1
768	1
769	0
770	0
771	0
772	0
773	0
774	2
775	0
776	1
777	0
778	1
779	0
780	2
781	1
782	0
783	2
784	2
785	1
786	1
787	0
788	0
789	0
790	0
791	0
792	0
793	0
794	1
795	0
796	0
797	0
798	3
799	0
800	0
801	1
802	2
803	0
804	0
805	2
806	1
807	3
808	0
809	1
810	1
811	0
812	0
813	2
814	2
815	1
816	1
817	0
818	2
819	2
820	0
821	0
822	0
823	1
824	0
825	0
826	0
827	2
828	1
829	0
830	0
831	0
832	1
833	1
834	0
835	1
836	4
837	2
838	2
839	1
840	0
841	2
842	2
843	1
844	1
845	1
846	2
847	0
848	1
849	2
850	4
851	1
852	0
853	0
854	1
855	3
856	5
857	2
858	1
859	3
860	0
861	1
862	2
863	4
864	1
865	2
866	3
867	0
868	3
869	0
870	1
871	1
872	2
873	3
874	0
875	0
876	1
877	0
878	3
879	4
880	1
881	0
882	3
883	1
884	0
885	0
886	0
887	1
888	0
889	0
890	2
891	1
892	0
893	0
894	0
895	1
896	0
897	0
898	3
899	1
900	1
901	3
902	1
903	0
904	0
905	1
906	0
907	0
908	1
909	0
910	0
911	0
912	0
913	0
914	0
915	0
916	0
917	0
918	0
919	0
920	0
921	0
922	2
923	0
924	0
925	0
926	1
927	0
928	0
929	0
930	0
931	0
932	0
933	1
934	0
935	2
936	1
937	0
938	0
939	0
940	0
941	0
942	1
943	1
944	0
945	0
946	0
947	0
948	0
949	0
950	1
951	0
952	0
953	0
954	0
955	0
956	0
957	1
958	0
959	1
960	0
961	0
962	0
963	0
964	0
965	0
966	1
967	0
968	0
969	0
970	0
971	1
972	0
973	1
974	0
975	1
976	0
977	0
978	0
979	0
980	1
981	0
982	0
983	0
984	0
985	0
986	0
987	0
988	0
989	0
990	0
991	0
992	0
993	1
994	0
995	1
996	0
997	1
998	0
999	0
1000	0
1001	0
1002	1
1003	0
1004	0
1005	0
1006	1
1007	0
1008	0
1009	1
1010	0
1011	0
1012	0
1013	0
1014	0
1015	1
1016	0
1017	2
1018	1
1019	1
1020	1
1021	0
1022	0
1023	0
