Filename:  C:\Users\LabIFNS\Desktop\Gruppo B1\137Cs spettro.mca
Description:  
TimeStamp:  03/21/2022 15:43:18

ROI Information
Start	End	FWHM (G)	Net Area	Gross Area	Centroid (N)	Uncertainty	Status
38	66	9.849	6983	20967	51.27	2.68	GOOD
360	455	30.355	82530	87299	404.96	0.37	GOOD

Spectral Data Information
Channel	Data
0	0
1	0
2	0
3	0
4	0
5	0
6	0
7	0
8	0
9	0
10	0
11	0
12	0
13	0
14	711
15	721
16	887
17	1031
18	1398
19	1791
20	2562
21	3479
22	4060
23	3925
24	2999
25	2225
26	1508
27	1104
28	786
29	667
30	580
31	555
32	560
33	535
34	537
35	512
36	557
37	548
38	523
39	547
40	575
41	606
42	588
43	694
44	695
45	734
46	771
47	893
48	925
49	1040
50	1170
51	1149
52	1105
53	1066
54	993
55	917
56	861
57	823
58	717
59	707
60	684
61	633
62	562
63	547
64	488
65	477
66	516
67	466
68	451
69	473
70	447
71	427
72	456
73	468
74	430
75	450
76	444
77	451
78	434
79	491
80	475
81	463
82	453
83	493
84	499
85	511
86	481
87	495
88	465
89	456
90	472
91	497
92	452
93	496
94	465
95	494
96	465
97	467
98	468
99	485
100	499
101	512
102	511
103	495
104	527
105	534
106	521
107	535
108	585
109	577
110	496
111	567
112	564
113	576
114	616
115	618
116	606
117	627
118	726
119	744
120	728
121	797
122	798
123	826
124	805
125	910
126	890
127	898
128	866
129	874
130	929
131	879
132	910
133	903
134	915
135	908
136	844
137	924
138	880
139	899
140	821
141	877
142	860
143	846
144	777
145	838
146	774
147	779
148	726
149	727
150	714
151	709
152	655
153	677
154	618
155	682
156	658
157	664
158	605
159	650
160	653
161	586
162	579
163	559
164	593
165	520
166	542
167	552
168	570
169	527
170	530
171	468
172	475
173	494
174	542
175	486
176	491
177	487
178	455
179	457
180	508
181	480
182	519
183	485
184	478
185	448
186	455
187	467
188	435
189	441
190	470
191	426
192	461
193	468
194	461
195	423
196	420
197	436
198	419
199	434
200	427
201	448
202	421
203	413
204	405
205	425
206	437
207	399
208	445
209	371
210	427
211	422
212	437
213	424
214	384
215	421
216	375
217	382
218	389
219	390
220	377
221	398
222	400
223	426
224	383
225	388
226	389
227	395
228	391
229	406
230	404
231	426
232	430
233	414
234	418
235	360
236	385
237	377
238	410
239	368
240	380
241	355
242	382
243	424
244	404
245	390
246	378
247	389
248	390
249	409
250	431
251	392
252	402
253	408
254	428
255	401
256	412
257	390
258	410
259	380
260	385
261	403
262	404
263	417
264	454
265	398
266	424
267	446
268	407
269	440
270	414
271	432
272	383
273	384
274	405
275	391
276	415
277	406
278	399
279	398
280	396
281	380
282	410
283	355
284	375
285	331
286	349
287	317
288	306
289	288
290	292
291	297
292	264
293	289
294	254
295	232
296	232
297	223
298	199
299	171
300	178
301	155
302	169
303	138
304	183
305	165
306	118
307	133
308	137
309	117
310	107
311	107
312	100
313	102
314	114
315	103
316	114
317	82
318	84
319	85
320	89
321	82
322	99
323	78
324	70
325	87
326	79
327	91
328	71
329	73
330	71
331	60
332	70
333	59
334	54
335	57
336	45
337	70
338	70
339	56
340	59
341	68
342	41
343	62
344	74
345	49
346	61
347	66
348	70
349	61
350	73
351	66
352	77
353	69
354	62
355	71
356	79
357	88
358	82
359	73
360	98
361	96
362	101
363	117
364	99
365	112
366	116
367	162
368	127
369	149
370	170
371	207
372	220
373	235
374	259
375	305
376	342
377	388
378	389
379	462
380	433
381	553
382	584
383	660
384	748
385	846
386	893
387	1016
388	1071
389	1208
390	1313
391	1433
392	1529
393	1629
394	1740
395	1850
396	2019
397	2088
398	2111
399	2280
400	2363
401	2429
402	2475
403	2601
404	2621
405	2579
406	2577
407	2543
408	2595
409	2600
410	2449
411	2494
412	2384
413	2280
414	2179
415	1993
416	1905
417	1926
418	1620
419	1483
420	1407
421	1279
422	1143
423	1029
424	900
425	805
426	651
427	634
428	549
429	456
430	367
431	300
432	290
433	253
434	182
435	149
436	131
437	115
438	108
439	92
440	48
441	36
442	43
443	36
444	33
445	20
446	20
447	13
448	9
449	10
450	7
451	6
452	15
453	3
454	4
455	2
456	2
457	3
458	7
459	3
460	2
461	9
462	7
463	2
464	5
465	10
466	4
467	5
468	0
469	4
470	3
471	3
472	0
473	3
474	6
475	2
476	4
477	4
478	4
479	5
480	2
481	2
482	2
483	3
484	1
485	2
486	5
487	0
488	4
489	4
490	3
491	2
492	4
493	6
494	3
495	6
496	5
497	1
498	0
499	4
500	4
501	2
502	4
503	1
504	3
505	7
506	3
507	3
508	0
509	4
510	3
511	2
512	3
513	2
514	3
515	2
516	1
517	2
518	1
519	2
520	2
521	4
522	4
523	2
524	0
525	1
526	6
527	4
528	2
529	4
530	3
531	5
532	3
533	1
534	1
535	3
536	3
537	4
538	2
539	2
540	5
541	2
542	1
543	1
544	3
545	5
546	2
547	0
548	0
549	2
550	3
551	1
552	0
553	1
554	2
555	3
556	0
557	2
558	1
559	3
560	2
561	2
562	2
563	0
564	1
565	5
566	1
567	1
568	4
569	6
570	2
571	0
572	3
573	0
574	1
575	0
576	2
577	1
578	3
579	1
580	1
581	1
582	5
583	0
584	2
585	4
586	3
587	1
588	2
589	2
590	1
591	0
592	2
593	3
594	2
595	3
596	4
597	1
598	0
599	0
600	1
601	1
602	2
603	1
604	1
605	1
606	2
607	1
608	2
609	1
610	1
611	1
612	0
613	0
614	1
615	2
616	2
617	2
618	3
619	0
620	1
621	3
622	1
623	3
624	1
625	0
626	0
627	0
628	0
629	2
630	2
631	2
632	1
633	0
634	2
635	0
636	0
637	2
638	1
639	0
640	2
641	1
642	0
643	1
644	0
645	3
646	2
647	1
648	1
649	0
650	1
651	1
652	2
653	0
654	1
655	1
656	1
657	5
658	4
659	2
660	0
661	1
662	0
663	1
664	1
665	0
666	2
667	0
668	1
669	3
670	0
671	3
672	0
673	2
674	2
675	2
676	1
677	0
678	3
679	0
680	1
681	0
682	2
683	1
684	0
685	0
686	0
687	1
688	1
689	1
690	2
691	0
692	0
693	0
694	0
695	1
696	2
697	0
698	1
699	0
700	0
701	0
702	1
703	1
704	3
705	0
706	0
707	2
708	0
709	1
710	3
711	3
712	1
713	0
714	0
715	2
716	1
717	1
718	1
719	2
720	1
721	2
722	0
723	0
724	0
725	1
726	0
727	0
728	0
729	1
730	3
731	1
732	0
733	2
734	2
735	1
736	1
737	0
738	0
739	1
740	0
741	0
742	0
743	1
744	3
745	2
746	1
747	1
748	0
749	0
750	1
751	0
752	0
753	0
754	0
755	0
756	1
757	2
758	0
759	1
760	3
761	2
762	2
763	0
764	0
765	1
766	2
767	0
768	1
769	0
770	0
771	0
772	2
773	0
774	3
775	0
776	2
777	1
778	0
779	0
780	0
781	0
782	2
783	1
784	0
785	0
786	1
787	0
788	0
789	1
790	1
791	0
792	0
793	0
794	0
795	2
796	0
797	1
798	0
799	0
800	1
801	1
802	1
803	1
804	1
805	0
806	0
807	0
808	0
809	2
810	0
811	2
812	0
813	1
814	1
815	0
816	0
817	0
818	2
819	0
820	0
821	0
822	0
823	0
824	0
825	0
826	0
827	0
828	0
829	0
830	0
831	0
832	0
833	1
834	2
835	2
836	0
837	0
838	1
839	1
840	0
841	0
842	0
843	0
844	0
845	0
846	1
847	0
848	1
849	0
850	0
851	0
852	0
853	2
854	0
855	0
856	2
857	3
858	0
859	1
860	0
861	1
862	1
863	2
864	0
865	0
866	0
867	0
868	0
869	0
870	0
871	2
872	0
873	1
874	0
875	0
876	0
877	0
878	0
879	2
880	0
881	0
882	0
883	0
884	0
885	0
886	0
887	1
888	1
889	0
890	0
891	0
892	0
893	0
894	1
895	1
896	1
897	0
898	0
899	0
900	0
901	0
902	0
903	0
904	0
905	1
906	0
907	0
908	2
909	0
910	0
911	0
912	0
913	0
914	0
915	0
916	1
917	0
918	0
919	0
920	0
921	0
922	0
923	0
924	0
925	0
926	0
927	0
928	0
929	0
930	0
931	0
932	1
933	1
934	0
935	0
936	0
937	0
938	0
939	0
940	0
941	0
942	0
943	0
944	0
945	0
946	2
947	0
948	0
949	0
950	0
951	0
952	1
953	0
954	0
955	0
956	0
957	1
958	0
959	2
960	0
961	0
962	1
963	0
964	0
965	0
966	0
967	1
968	0
969	0
970	0
971	0
972	0
973	0
974	0
975	0
976	0
977	0
978	0
979	0
980	0
981	0
982	0
983	0
984	0
985	0
986	1
987	1
988	0
989	0
990	0
991	0
992	0
993	1
994	0
995	0
996	0
997	0
998	0
999	0
1000	0
1001	0
1002	0
1003	0
1004	0
1005	0
1006	0
1007	0
1008	0
1009	0
1010	0
1011	0
1012	0
1013	0
1014	0
1015	0
1016	0
1017	0
1018	0
1019	0
1020	0
1021	0
1022	0
1023	0
