Filename:  C:\Users\LabIFNS\Desktop\Gruppo B1\57Co spettro.mca
Description:  
TimeStamp:  03/21/2022 16:07:18

Spectral Data Information
Channel	Data
0	0
1	0
2	0
3	0
4	0
5	0
6	0
7	0
8	0
9	0
10	0
11	0
12	0
13	0
14	51
15	41
16	57
17	65
18	83
19	71
20	96
21	75
22	91
23	111
24	109
25	125
26	104
27	142
28	146
29	180
30	205
31	186
32	137
33	143
34	118
35	119
36	103
37	119
38	136
39	122
40	181
41	178
42	191
43	239
44	264
45	332
46	481
47	664
48	869
49	1167
50	1314
51	1467
52	1518
53	1382
54	1163
55	1052
56	902
57	904
58	893
59	918
60	926
61	822
62	811
63	712
64	616
65	577
66	530
67	457
68	445
69	405
70	506
71	520
72	600
73	741
74	1014
75	1421
76	1977
77	2767
78	3750
79	4582
80	5686
81	6064
82	6394
83	6041
84	5526
85	4540
86	3504
87	2694
88	2084
89	1511
90	1198
91	977
92	799
93	670
94	524
95	432
96	320
97	208
98	146
99	86
100	61
101	50
102	37
103	22
104	29
105	18
106	25
107	12
108	16
109	18
110	22
111	19
112	13
113	10
114	14
115	18
116	14
117	17
118	18
119	14
120	12
121	15
122	17
123	12
124	18
125	14
126	16
127	15
128	12
129	18
130	19
131	15
132	14
133	19
134	15
135	20
136	17
137	11
138	17
139	9
140	15
141	14
142	12
143	15
144	13
145	14
146	13
147	21
148	12
149	17
150	16
151	12
152	11
153	17
154	14
155	13
156	11
157	13
158	9
159	8
160	18
161	15
162	11
163	9
164	11
165	9
166	12
167	7
168	12
169	10
170	13
171	9
172	8
173	12
174	12
175	7
176	15
177	11
178	7
179	10
180	4
181	9
182	6
183	7
184	7
185	9
186	12
187	3
188	7
189	9
190	10
191	12
192	11
193	5
194	8
195	12
196	7
197	8
198	9
199	10
200	9
201	6
202	10
203	8
204	11
205	8
206	11
207	6
208	9
209	6
210	12
211	7
212	12
213	4
214	5
215	7
216	10
217	8
218	14
219	13
220	8
221	5
222	4
223	8
224	8
225	11
226	9
227	10
228	4
229	8
230	9
231	5
232	9
233	3
234	4
235	4
236	6
237	8
238	5
239	3
240	3
241	5
242	9
243	3
244	9
245	4
246	6
247	5
248	5
249	5
250	4
251	8
252	5
253	5
254	7
255	4
256	4
257	3
258	8
259	3
260	14
261	4
262	6
263	10
264	4
265	6
266	2
267	7
268	11
269	6
270	5
271	0
272	9
273	2
274	4
275	3
276	5
277	7
278	3
279	3
280	5
281	4
282	2
283	3
284	5
285	5
286	4
287	4
288	3
289	3
290	0
291	2
292	4
293	7
294	6
295	3
296	8
297	2
298	2
299	5
300	6
301	3
302	6
303	2
304	6
305	4
306	4
307	1
308	4
309	7
310	2
311	3
312	5
313	5
314	3
315	5
316	1
317	9
318	3
319	6
320	1
321	3
322	4
323	7
324	3
325	3
326	3
327	5
328	2
329	2
330	3
331	4
332	6
333	6
334	4
335	4
336	7
337	4
338	4
339	2
340	6
341	5
342	5
343	2
344	7
345	1
346	7
347	1
348	3
349	4
350	1
351	4
352	7
353	6
354	3
355	1
356	3
357	4
358	5
359	5
360	1
361	2
362	2
363	1
364	2
365	3
366	2
367	3
368	2
369	6
370	2
371	1
372	3
373	0
374	4
375	4
376	3
377	4
378	3
379	1
380	2
381	4
382	6
383	5
384	10
385	3
386	6
387	1
388	6
389	8
390	3
391	5
392	2
393	4
394	2
395	8
396	4
397	4
398	2
399	2
400	10
401	5
402	4
403	5
404	6
405	4
406	8
407	5
408	4
409	6
410	7
411	5
412	6
413	5
414	6
415	7
416	6
417	5
418	4
419	4
420	5
421	8
422	5
423	4
424	8
425	4
426	4
427	2
428	5
429	1
430	4
431	4
432	3
433	1
434	7
435	2
436	2
437	2
438	3
439	5
440	1
441	5
442	2
443	2
444	3
445	3
446	3
447	1
448	2
449	4
450	2
451	2
452	4
453	3
454	2
455	2
456	1
457	3
458	0
459	1
460	0
461	3
462	2
463	0
464	3
465	0
466	4
467	2
468	3
469	1
470	6
471	2
472	4
473	1
474	0
475	0
476	1
477	0
478	6
479	4
480	0
481	4
482	2
483	1
484	1
485	3
486	4
487	3
488	2
489	3
490	4
491	1
492	1
493	1
494	1
495	0
496	3
497	2
498	1
499	1
500	2
501	4
502	4
503	2
504	2
505	5
506	1
507	1
508	3
509	0
510	3
511	4
512	1
513	3
514	1
515	2
516	2
517	3
518	3
519	0
520	2
521	3
522	4
523	2
524	1
525	2
526	4
527	1
528	2
529	1
530	1
531	3
532	3
533	5
534	2
535	1
536	1
537	2
538	2
539	2
540	1
541	2
542	0
543	4
544	1
545	1
546	0
547	3
548	0
549	0
550	2
551	1
552	1
553	2
554	2
555	4
556	6
557	2
558	0
559	6
560	1
561	2
562	3
563	4
564	1
565	2
566	2
567	1
568	2
569	1
570	4
571	1
572	1
573	1
574	1
575	0
576	3
577	2
578	2
579	4
580	1
581	0
582	3
583	2
584	1
585	2
586	0
587	3
588	3
589	2
590	2
591	2
592	1
593	0
594	3
595	0
596	3
597	1
598	1
599	2
600	3
601	2
602	4
603	2
604	2
605	1
606	2
607	3
608	3
609	0
610	3
611	1
612	1
613	2
614	1
615	1
616	4
617	1
618	3
619	0
620	1
621	1
622	2
623	3
624	0
625	1
626	3
627	1
628	2
629	0
630	0
631	1
632	2
633	0
634	2
635	0
636	3
637	0
638	1
639	3
640	5
641	1
642	0
643	0
644	0
645	2
646	0
647	2
648	1
649	2
650	0
651	1
652	2
653	4
654	1
655	1
656	4
657	2
658	0
659	2
660	3
661	1
662	1
663	3
664	2
665	2
666	0
667	2
668	2
669	1
670	1
671	1
672	2
673	2
674	3
675	2
676	0
677	1
678	2
679	1
680	2
681	1
682	0
683	0
684	0
685	0
686	2
687	0
688	1
689	1
690	0
691	4
692	0
693	3
694	0
695	0
696	0
697	3
698	1
699	0
700	1
701	3
702	1
703	0
704	0
705	0
706	1
707	4
708	1
709	1
710	0
711	4
712	1
713	1
714	2
715	1
716	2
717	0
718	1
719	0
720	0
721	5
722	1
723	0
724	4
725	2
726	0
727	2
728	0
729	0
730	0
731	0
732	1
733	0
734	0
735	1
736	2
737	1
738	0
739	0
740	2
741	0
742	2
743	1
744	1
745	0
746	1
747	0
748	1
749	0
750	2
751	1
752	2
753	1
754	1
755	0
756	0
757	0
758	2
759	2
760	2
761	0
762	1
763	1
764	1
765	0
766	0
767	0
768	3
769	0
770	0
771	1
772	0
773	2
774	1
775	1
776	0
777	1
778	4
779	2
780	2
781	1
782	0
783	2
784	1
785	1
786	1
787	1
788	0
789	0
790	0
791	1
792	0
793	1
794	1
795	1
796	1
797	0
798	0
799	1
800	1
801	2
802	0
803	1
804	1
805	2
806	2
807	1
808	0
809	3
810	3
811	1
812	1
813	2
814	0
815	0
816	1
817	1
818	1
819	1
820	1
821	2
822	2
823	0
824	1
825	2
826	2
827	1
828	1
829	1
830	2
831	0
832	1
833	3
834	1
835	2
836	0
837	5
838	0
839	1
840	2
841	1
842	1
843	1
844	1
845	2
846	0
847	2
848	1
849	2
850	3
851	1
852	2
853	1
854	0
855	2
856	1
857	2
858	0
859	0
860	4
861	1
862	2
863	2
864	0
865	1
866	2
867	1
868	1
869	0
870	2
871	1
872	2
873	0
874	1
875	1
876	1
877	3
878	2
879	4
880	2
881	0
882	2
883	2
884	2
885	2
886	1
887	1
888	2
889	0
890	0
891	0
892	0
893	2
894	1
895	2
896	1
897	0
898	0
899	0
900	1
901	1
902	0
903	0
904	0
905	0
906	0
907	0
908	0
909	0
910	1
911	1
912	0
913	0
914	0
915	0
916	1
917	0
918	0
919	1
920	3
921	0
922	1
923	0
924	1
925	0
926	2
927	1
928	0
929	1
930	2
931	0
932	0
933	1
934	2
935	1
936	0
937	0
938	0
939	1
940	0
941	1
942	1
943	1
944	1
945	0
946	1
947	0
948	2
949	1
950	1
951	0
952	2
953	0
954	0
955	1
956	1
957	0
958	2
959	0
960	1
961	1
962	0
963	0
964	1
965	0
966	1
967	1
968	0
969	1
970	1
971	0
972	0
973	0
974	0
975	0
976	0
977	2
978	1
979	0
980	1
981	1
982	0
983	0
984	0
985	1
986	0
987	0
988	0
989	1
990	0
991	0
992	0
993	0
994	1
995	1
996	0
997	1
998	1
999	1
1000	1
1001	0
1002	0
1003	0
1004	0
1005	0
1006	0
1007	1
1008	2
1009	1
1010	1
1011	1
1012	1
1013	0
1014	2
1015	0
1016	1
1017	1
1018	0
1019	0
1020	0
1021	0
1022	0
1023	0
