Filename:  D:\Università\IFNS\Lab\Lab-IFNS\Dati\Picco somma 60Co.mca
Description:  
TimeStamp:  03/23/2022 17:20:24

ROI Information
Start	End	FWHM (N)	Net Area	Gross Area	Centroid (N)	Uncertainty	Status
345	394	20.506	186672	304464	370.25	0.35	GOOD
398	448	22.669	170000	220053	420.35	0.31	GOOD
753	823	23.847	1632	2322	789.16	3.36	GOOD

Spectral Data Information
Channel	Data
0	0
1	0
2	0
3	0
4	0
5	0
6	0
7	0
8	0
9	0
10	0
11	0
12	0
13	0
14	5706
15	5819
16	5977
17	5689
18	5633
19	5828
20	6138
21	6496
22	6928
23	7728
24	8860
25	10752
26	12418
27	12503
28	11418
29	9491
30	8609
31	7532
32	6676
33	5912
34	5169
35	5119
36	4959
37	5070
38	5101
39	5098
40	4830
41	5216
42	5361
43	5318
44	5315
45	5328
46	5468
47	5369
48	5558
49	5430
50	5652
51	5530
52	5458
53	5613
54	5522
55	5581
56	5546
57	5534
58	5521
59	5655
60	5556
61	5887
62	5869
63	5902
64	5980
65	6166
66	6297
67	6653
68	6773
69	7245
70	7562
71	7989
72	8396
73	8936
74	9311
75	9635
76	9958
77	10312
78	10513
79	10500
80	10647
81	10562
82	10454
83	10360
84	10133
85	10064
86	9794
87	9608
88	9301
89	9263
90	8713
91	8580
92	8401
93	8020
94	7739
95	7540
96	7239
97	7154
98	6899
99	6765
100	6647
101	6529
102	6258
103	6175
104	6058
105	5867
106	5720
107	5736
108	5555
109	5422
110	5301
111	5206
112	5282
113	5001
114	5101
115	4904
116	4915
117	4826
118	4735
119	4587
120	4689
121	4607
122	4601
123	4464
124	4529
125	4491
126	4397
127	4410
128	4312
129	4325
130	4273
131	4304
132	4353
133	4318
134	4137
135	4185
136	4072
137	4199
138	4188
139	4149
140	4134
141	4137
142	4140
143	4020
144	3920
145	4049
146	3964
147	3911
148	3934
149	3995
150	3974
151	3967
152	4092
153	3905
154	3900
155	3945
156	3897
157	3997
158	4013
159	4013
160	4161
161	4047
162	4081
163	4110
164	4061
165	4040
166	4128
167	4072
168	4020
169	4121
170	4082
171	3988
172	3905
173	3965
174	3944
175	3797
176	3953
177	3799
178	3864
179	3883
180	3837
181	3811
182	3955
183	3849
184	3818
185	3790
186	3781
187	3717
188	3896
189	3877
190	3969
191	3950
192	3734
193	3911
194	3842
195	3886
196	3943
197	3838
198	3847
199	3954
200	3793
201	3792
202	3914
203	3809
204	3910
205	3927
206	3995
207	3974
208	4005
209	3895
210	3832
211	4004
212	3953
213	3835
214	3912
215	3945
216	4098
217	4112
218	3885
219	3970
220	4040
221	4053
222	4118
223	4131
224	4033
225	4118
226	4085
227	4046
228	4067
229	4125
230	4207
231	3986
232	4140
233	4080
234	4148
235	4148
236	4009
237	4256
238	4164
239	4216
240	4281
241	4188
242	4214
243	4345
244	4210
245	4326
246	4311
247	4301
248	4365
249	4267
250	4292
251	4358
252	4412
253	4309
254	4448
255	4510
256	4373
257	4519
258	4648
259	4491
260	4578
261	4596
262	4539
263	4708
264	4632
265	4684
266	4762
267	4680
268	4774
269	4653
270	4679
271	4776
272	4893
273	4831
274	4833
275	4794
276	4638
277	4864
278	4866
279	4812
280	4871
281	4838
282	4856
283	4942
284	5058
285	4845
286	4851
287	4916
288	4917
289	4945
290	5027
291	5050
292	5020
293	4985
294	4900
295	4889
296	4783
297	4788
298	4784
299	4628
300	4603
301	4425
302	4341
303	4236
304	4210
305	4057
306	3984
307	3857
308	3913
309	3782
310	3632
311	3663
312	3631
313	3408
314	3310
315	3345
316	3327
317	3222
318	3293
319	3220
320	3133
321	3063
322	3091
323	3091
324	2955
325	3058
326	2947
327	2987
328	3095
329	3073
330	2969
331	3080
332	3072
333	3115
334	3079
335	3050
336	3052
337	3038
338	3069
339	3120
340	3081
341	3173
342	3134
343	3259
344	3232
345	3230
346	3306
347	3348
348	3420
349	3475
350	3677
351	3769
352	3900
353	4152
354	4475
355	4756
356	5059
357	5365
358	5853
359	6581
360	6965
361	7498
362	7882
363	8407
364	9038
365	9384
366	9999
367	10350
368	10748
369	10926
370	11249
371	11064
372	10882
373	10805
374	10317
375	10086
376	9665
377	9354
378	8331
379	7828
380	7169
381	6406
382	5834
383	5187
384	4618
385	4008
386	3495
387	3120
388	2792
389	2338
390	2096
391	1958
392	1799
393	1730
394	1678
395	1635
396	1621
397	1737
398	1724
399	1878
400	2188
401	2307
402	2614
403	2803
404	3210
405	3449
406	3857
407	4395
408	4741
409	5160
410	5558
411	5978
412	6512
413	6847
414	7369
415	7561
416	7722
417	8172
418	8311
419	8354
420	8414
421	8296
422	8120
423	7953
424	7708
425	7469
426	6987
427	6407
428	6222
429	5720
430	5171
431	4643
432	4232
433	3815
434	3173
435	2801
436	2447
437	2145
438	1804
439	1491
440	1347
441	1131
442	891
443	773
444	606
445	500
446	459
447	342
448	319
449	247
450	228
451	244
452	202
453	156
454	179
455	140
456	120
457	148
458	121
459	121
460	131
461	126
462	131
463	151
464	112
465	146
466	139
467	133
468	117
469	125
470	125
471	101
472	109
473	81
474	92
475	110
476	94
477	103
478	97
479	93
480	99
481	107
482	91
483	91
484	87
485	105
486	107
487	90
488	95
489	99
490	110
491	92
492	112
493	99
494	112
495	126
496	99
497	98
498	103
499	77
500	89
501	89
502	89
503	110
504	88
505	87
506	94
507	94
508	79
509	105
510	86
511	93
512	81
513	84
514	79
515	75
516	76
517	91
518	84
519	77
520	96
521	101
522	81
523	87
524	91
525	78
526	74
527	91
528	72
529	83
530	85
531	92
532	91
533	83
534	73
535	76
536	59
537	68
538	76
539	75
540	66
541	72
542	65
543	78
544	71
545	60
546	82
547	70
548	78
549	68
550	75
551	52
552	78
553	74
554	60
555	60
556	67
557	62
558	72
559	69
560	61
561	58
562	68
563	49
564	48
565	58
566	60
567	58
568	65
569	60
570	52
571	54
572	59
573	56
574	63
575	73
576	51
577	67
578	62
579	52
580	60
581	73
582	56
583	57
584	64
585	54
586	63
587	46
588	48
589	65
590	52
591	60
592	60
593	69
594	58
595	49
596	69
597	58
598	58
599	66
600	60
601	60
602	62
603	52
604	62
605	68
606	59
607	59
608	60
609	48
610	58
611	53
612	53
613	57
614	48
615	56
616	46
617	52
618	43
619	59
620	55
621	49
622	61
623	67
624	59
625	56
626	47
627	59
628	59
629	51
630	56
631	53
632	48
633	40
634	55
635	56
636	57
637	49
638	51
639	45
640	57
641	43
642	42
643	54
644	59
645	51
646	47
647	45
648	59
649	56
650	50
651	52
652	45
653	50
654	41
655	57
656	38
657	53
658	48
659	56
660	49
661	55
662	48
663	44
664	47
665	51
666	53
667	48
668	61
669	59
670	50
671	50
672	40
673	48
674	51
675	62
676	47
677	55
678	54
679	51
680	43
681	64
682	56
683	39
684	37
685	49
686	45
687	35
688	47
689	50
690	39
691	52
692	52
693	48
694	38
695	55
696	50
697	51
698	51
699	45
700	55
701	41
702	43
703	45
704	41
705	50
706	34
707	31
708	51
709	41
710	40
711	43
712	49
713	38
714	39
715	41
716	31
717	44
718	45
719	29
720	39
721	30
722	28
723	28
724	30
725	29
726	35
727	23
728	32
729	30
730	22
731	28
732	20
733	23
734	29
735	22
736	21
737	21
738	21
739	21
740	12
741	18
742	10
743	17
744	14
745	16
746	13
747	13
748	19
749	11
750	11
751	14
752	19
753	15
754	15
755	12
756	15
757	15
758	16
759	20
760	19
761	22
762	14
763	20
764	26
765	20
766	16
767	20
768	17
769	31
770	25
771	36
772	36
773	35
774	35
775	44
776	36
777	38
778	41
779	48
780	50
781	55
782	64
783	55
784	63
785	66
786	57
787	68
788	70
789	67
790	62
791	64
792	49
793	51
794	46
795	60
796	56
797	53
798	46
799	44
800	58
801	49
802	37
803	37
804	38
805	36
806	28
807	28
808	33
809	26
810	20
811	15
812	18
813	8
814	16
815	16
816	4
817	11
818	5
819	9
820	7
821	3
822	2
823	5
824	0
825	4
826	7
827	4
828	2
829	4
830	3
831	2
832	3
833	1
834	1
835	2
836	1
837	2
838	0
839	1
840	1
841	0
842	0
843	0
844	2
845	1
846	2
847	2
848	0
849	1
850	1
851	1
852	0
853	0
854	1
855	2
856	2
857	0
858	1
859	1
860	0
861	2
862	1
863	0
864	0
865	0
866	0
867	1
868	1
869	0
870	2
871	0
872	3
873	0
874	0
875	1
876	1
877	0
878	0
879	1
880	1
881	3
882	2
883	1
884	2
885	1
886	1
887	0
888	0
889	1
890	1
891	0
892	1
893	1
894	1
895	0
896	1
897	1
898	0
899	1
900	0
901	0
902	2
903	0
904	0
905	0
906	1
907	0
908	0
909	0
910	0
911	0
912	1
913	1
914	0
915	1
916	0
917	1
918	1
919	0
920	0
921	0
922	0
923	1
924	0
925	0
926	0
927	0
928	1
929	1
930	1
931	0
932	1
933	1
934	1
935	1
936	1
937	0
938	1
939	0
940	2
941	2
942	1
943	1
944	0
945	0
946	1
947	0
948	3
949	0
950	1
951	0
952	1
953	0
954	1
955	0
956	1
957	1
958	0
959	1
960	0
961	1
962	0
963	0
964	3
965	0
966	0
967	0
968	1
969	2
970	0
971	0
972	2
973	0
974	2
975	1
976	2
977	0
978	1
979	1
980	1
981	2
982	0
983	2
984	1
985	2
986	1
987	0
988	1
989	2
990	1
991	2
992	1
993	3
994	0
995	1
996	2
997	2
998	1
999	2
1000	0
1001	1
1002	0
1003	1
1004	1
1005	2
1006	3
1007	1
1008	0
1009	1
1010	4
1011	1
1012	1
1013	0
1014	1
1015	2
1016	1
1017	1
1018	1
1019	1
1020	1
1021	0
1022	0
1023	2
