Filename:  C:\Users\LabIFNS\Desktop\Gruppo B1\Sasso spettro.mca
Description:  
TimeStamp:  03/21/2022 16:19:09

Spectral Data Information
Channel	Data
0	0
1	0
2	0
3	0
4	0
5	0
6	0
7	0
8	0
9	0
10	0
11	0
12	0
13	0
14	465
15	485
16	521
17	514
18	568
19	544
20	547
21	602
22	625
23	635
24	606
25	695
26	682
27	710
28	781
29	839
30	918
31	986
32	991
33	1112
34	1056
35	1028
36	1004
37	1042
38	1187
39	1142
40	1247
41	1324
42	1419
43	1486
44	1645
45	1775
46	1908
47	2099
48	2311
49	2724
50	3029
51	3338
52	3468
53	3495
54	3226
55	2956
56	2752
57	2488
58	2357
59	2312
60	2277
61	2208
62	2262
63	2091
64	2075
65	1960
66	1941
67	1612
68	1593
69	1395
70	1249
71	1164
72	1195
73	1079
74	1079
75	1092
76	1090
77	1050
78	1032
79	894
80	910
81	813
82	857
83	881
84	841
85	883
86	877
87	867
88	860
89	884
90	906
91	936
92	898
93	949
94	914
95	977
96	962
97	1032
98	1008
99	1032
100	971
101	940
102	1003
103	975
104	916
105	956
106	979
107	962
108	954
109	901
110	947
111	944
112	910
113	962
114	1068
115	1022
116	1141
117	1185
118	1122
119	1233
120	1185
121	1251
122	1257
123	1135
124	1207
125	1114
126	1057
127	959
128	949
129	854
130	905
131	818
132	792
133	773
134	778
135	676
136	743
137	717
138	702
139	733
140	686
141	755
142	781
143	807
144	784
145	810
146	813
147	824
148	890
149	895
150	964
151	949
152	1002
153	1006
154	1000
155	938
156	992
157	949
158	956
159	919
160	887
161	859
162	793
163	776
164	733
165	706
166	708
167	698
168	625
169	646
170	659
171	667
172	700
173	739
174	698
175	801
176	775
177	751
178	871
179	894
180	905
181	958
182	1055
183	1055
184	1073
185	1029
186	1155
187	1144
188	1115
189	1092
190	1066
191	1001
192	956
193	955
194	891
195	775
196	745
197	679
198	635
199	594
200	532
201	587
202	585
203	529
204	554
205	572
206	600
207	668
208	664
209	784
210	776
211	840
212	919
213	1021
214	1037
215	1062
216	1158
217	1219
218	1202
219	1286
220	1281
221	1276
222	1318
223	1260
224	1144
225	1166
226	1084
227	1063
228	1015
229	976
230	834
231	735
232	657
233	621
234	580
235	510
236	485
237	390
238	363
239	372
240	318
241	268
242	282
243	290
244	256
245	244
246	266
247	253
248	254
249	275
250	245
251	224
252	229
253	229
254	228
255	237
256	208
257	223
258	226
259	238
260	230
261	220
262	196
263	196
264	182
265	187
266	184
267	191
268	186
269	192
270	170
271	192
272	198
273	166
274	175
275	149
276	187
277	172
278	181
279	176
280	157
281	172
282	178
283	158
284	166
285	142
286	155
287	151
288	165
289	177
290	166
291	180
292	182
293	142
294	163
295	179
296	141
297	159
298	157
299	159
300	180
301	163
302	160
303	161
304	163
305	146
306	172
307	174
308	168
309	152
310	155
311	148
312	165
313	128
314	158
315	136
316	147
317	157
318	143
319	165
320	147
321	132
322	167
323	137
324	141
325	150
326	144
327	128
328	166
329	150
330	146
331	134
332	136
333	119
334	143
335	154
336	140
337	141
338	138
339	137
340	154
341	145
342	136
343	138
344	155
345	147
346	171
347	157
348	178
349	195
350	182
351	196
352	205
353	225
354	223
355	220
356	258
357	258
358	299
359	301
360	344
361	378
362	349
363	374
364	431
365	424
366	465
367	444
368	482
369	512
370	518
371	514
372	537
373	519
374	509
375	549
376	539
377	534
378	567
379	517
380	515
381	551
382	483
383	473
384	393
385	348
386	373
387	363
388	348
389	341
390	328
391	308
392	253
393	215
394	197
395	224
396	171
397	165
398	137
399	147
400	138
401	137
402	143
403	108
404	131
405	127
406	89
407	103
408	110
409	109
410	96
411	111
412	121
413	105
414	79
415	83
416	100
417	105
418	105
419	97
420	89
421	96
422	105
423	94
424	95
425	114
426	92
427	82
428	91
429	96
430	100
431	74
432	93
433	77
434	85
435	100
436	97
437	85
438	95
439	88
440	104
441	98
442	104
443	99
444	80
445	114
446	92
447	101
448	92
449	102
450	84
451	99
452	95
453	99
454	125
455	103
456	111
457	112
458	118
459	112
460	101
461	116
462	108
463	122
464	109
465	119
466	139
467	100
468	111
469	122
470	130
471	117
472	107
473	108
474	115
475	112
476	116
477	99
478	117
479	118
480	95
481	113
482	132
483	123
484	96
485	104
486	115
487	99
488	90
489	97
490	107
491	86
492	101
493	92
494	89
495	96
496	96
497	92
498	96
499	87
500	84
501	84
502	79
503	108
504	81
505	72
506	85
507	83
508	82
509	59
510	90
511	75
512	70
513	82
514	77
515	85
516	85
517	67
518	75
519	76
520	81
521	72
522	69
523	56
524	74
525	71
526	52
527	92
528	81
529	64
530	82
531	78
532	64
533	76
534	65
535	75
536	72
537	74
538	60
539	73
540	74
541	74
542	65
543	80
544	81
545	69
546	75
547	65
548	59
549	63
550	79
551	80
552	92
553	79
554	76
555	76
556	77
557	83
558	68
559	69
560	68
561	81
562	68
563	87
564	65
565	85
566	64
567	73
568	54
569	82
570	71
571	61
572	76
573	76
574	69
575	60
576	67
577	62
578	70
579	83
580	79
581	80
582	79
583	79
584	80
585	55
586	72
587	63
588	55
589	76
590	61
591	55
592	56
593	50
594	54
595	58
596	60
597	57
598	53
599	56
600	69
601	58
602	56
603	54
604	64
605	57
606	56
607	55
608	42
609	64
610	55
611	50
612	54
613	52
614	65
615	48
616	53
617	43
618	48
619	47
620	51
621	54
622	50
623	54
624	49
625	47
626	53
627	48
628	45
629	54
630	51
631	57
632	53
633	60
634	60
635	51
636	49
637	50
638	52
639	52
640	60
641	55
642	50
643	53
644	53
645	62
646	58
647	49
648	55
649	58
650	67
651	57
652	68
653	67
654	64
655	62
656	70
657	77
658	79
659	74
660	77
661	80
662	90
663	95
664	94
665	91
666	80
667	89
668	105
669	99
670	110
671	112
672	94
673	90
674	93
675	105
676	88
677	111
678	107
679	102
680	82
681	95
682	98
683	103
684	87
685	87
686	105
687	79
688	89
689	75
690	80
691	90
692	65
693	70
694	68
695	74
696	75
697	62
698	67
699	91
700	53
701	65
702	81
703	68
704	70
705	55
706	57
707	57
708	57
709	62
710	57
711	58
712	53
713	49
714	58
715	34
716	52
717	54
718	53
719	61
720	43
721	46
722	49
723	46
724	40
725	52
726	56
727	61
728	50
729	56
730	55
731	50
732	58
733	57
734	42
735	53
736	62
737	45
738	57
739	55
740	42
741	54
742	62
743	55
744	56
745	68
746	55
747	58
748	55
749	48
750	36
751	47
752	62
753	53
754	39
755	53
756	62
757	54
758	44
759	57
760	52
761	44
762	49
763	35
764	46
765	49
766	48
767	40
768	33
769	53
770	37
771	36
772	42
773	47
774	40
775	45
776	39
777	46
778	42
779	41
780	39
781	46
782	37
783	42
784	31
785	38
786	47
787	36
788	36
789	41
790	30
791	43
792	27
793	31
794	46
795	38
796	42
797	31
798	38
799	33
800	37
801	43
802	38
803	41
804	32
805	37
806	27
807	41
808	48
809	36
810	41
811	44
812	41
813	50
814	47
815	53
816	41
817	51
818	59
819	47
820	48
821	41
822	50
823	52
824	40
825	58
826	46
827	48
828	40
829	61
830	38
831	48
832	47
833	63
834	52
835	38
836	44
837	59
838	83
839	37
840	55
841	48
842	59
843	55
844	46
845	49
846	54
847	43
848	40
849	40
850	30
851	58
852	57
853	63
854	38
855	40
856	49
857	54
858	48
859	31
860	54
861	47
862	41
863	39
864	36
865	40
866	31
867	44
868	43
869	40
870	35
871	31
872	41
873	43
874	39
875	39
876	35
877	39
878	43
879	35
880	40
881	27
882	23
883	32
884	38
885	33
886	37
887	31
888	33
889	31
890	30
891	33
892	33
893	27
894	24
895	21
896	35
897	28
898	36
899	40
900	38
901	38
902	25
903	31
904	26
905	24
906	36
907	17
908	27
909	25
910	22
911	28
912	24
913	24
914	33
915	30
916	19
917	24
918	21
919	32
920	33
921	39
922	29
923	27
924	23
925	27
926	32
927	25
928	25
929	27
930	26
931	27
932	21
933	28
934	14
935	24
936	18
937	29
938	24
939	19
940	17
941	20
942	18
943	11
944	24
945	15
946	21
947	28
948	20
949	18
950	9
951	16
952	22
953	21
954	19
955	17
956	14
957	16
958	21
959	17
960	18
961	18
962	26
963	24
964	19
965	17
966	19
967	20
968	27
969	11
970	13
971	22
972	15
973	21
974	12
975	19
976	12
977	13
978	16
979	10
980	14
981	18
982	22
983	7
984	21
985	12
986	14
987	20
988	23
989	24
990	15
991	23
992	14
993	17
994	16
995	19
996	13
997	30
998	19
999	21
1000	16
1001	24
1002	21
1003	17
1004	24
1005	22
1006	19
1007	27
1008	17
1009	21
1010	30
1011	22
1012	36
1013	20
1014	32
1015	27
1016	30
1017	24
1018	29
1019	35
1020	28
1021	32
1022	36
1023	37
