Channel	Data
0	0
1	0
2	0
3	0
4	0
5	0
6	0
7	0
8	0
9	0
10	0
11	0
12	0
13	0
14	619
15	654
16	669
17	673
18	640
19	677
20	642
21	692
22	747
23	740
24	695
25	721
26	687
27	704
28	726
29	764
30	776
31	771
32	785
33	744
34	745
35	719
36	743
37	767
38	787
39	808
40	837
41	882
42	871
43	959
44	975
45	1055
46	1184
47	1302
48	1423
49	1531
50	1546
51	1673
52	1697
53	1570
54	1451
55	1316
56	1143
57	1145
58	1144
59	1020
60	1008
61	885
62	848
63	805
64	799
65	720
66	684
67	680
68	688
69	631
70	664
71	677
72	629
73	651
74	693
75	706
76	638
77	682
78	668
79	676
80	712
81	691
82	677
83	693
84	715
85	684
86	724
87	707
88	679
89	692
90	742
91	686
92	737
93	732
94	663
95	746
96	714
97	725
98	744
99	730
100	745
101	665
102	697
103	746
104	779
105	709
106	694
107	712
108	731
109	732
110	727
111	675
112	713
113	684
114	742
115	737
116	741
117	741
118	718
119	769
120	788
121	797
122	826
123	807
124	763
125	782
126	870
127	826
128	890
129	855
130	899
131	954
132	984
133	904
134	1000
135	1033
136	1109
137	1108
138	1133
139	1170
140	1204
141	1205
142	1256
143	1259
144	1325
145	1288
146	1344
147	1300
148	1414
149	1415
150	1387
151	1315
152	1396
153	1438
154	1438
155	1421
156	1340
157	1357
158	1369
159	1354
160	1313
161	1358
162	1337
163	1323
164	1353
165	1230
166	1306
167	1218
168	1253
169	1261
170	1170
171	1108
172	1182
173	1078
174	1113
175	1041
176	1053
177	1083
178	998
179	1026
180	983
181	976
182	998
183	928
184	941
185	910
186	982
187	893
188	870
189	873
190	851
191	857
192	822
193	815
194	899
195	868
196	794
197	796
198	781
199	787
200	746
201	755
202	790
203	690
204	748
205	775
206	738
207	695
208	784
209	662
210	692
211	662
212	716
213	668
214	694
215	629
216	688
217	605
218	664
219	657
220	586
221	616
222	655
223	623
224	638
225	661
226	585
227	616
228	616
229	590
230	603
231	572
232	599
233	561
234	550
235	620
236	593
237	548
238	547
239	601
240	541
241	592
242	576
243	585
244	637
245	581
246	563
247	585
248	525
249	546
250	563
251	539
252	583
253	569
254	542
255	582
256	520
257	587
258	543
259	573
260	545
261	574
262	528
263	606
264	546
265	521
266	518
267	535
268	560
269	507
270	515
271	551
272	542
273	529
274	549
275	561
276	514
277	538
278	527
279	534
280	571
281	556
282	532
283	517
284	528
285	539
286	518
287	505
288	493
289	502
290	534
291	540
292	493
293	539
294	485
295	505
296	503
297	527
298	547
299	519
300	504
301	545
302	557
303	543
304	508
305	523
306	509
307	531
308	532
309	520
310	538
311	537
312	569
313	528
314	507
315	562
316	536
317	538
318	517
319	544
320	545
321	557
322	489
323	510
324	526
325	554
326	515
327	529
328	513
329	511
330	502
331	519
332	484
333	448
334	520
335	519
336	515
337	531
338	480
339	472
340	496
341	496
342	459
343	482
344	493
345	508
346	499
347	457
348	473
349	495
350	506
351	501
352	535
353	481
354	494
355	529
356	487
357	511
358	525
359	473
360	505
361	482
362	509
363	528
364	488
365	521
366	517
367	503
368	488
369	507
370	503
371	530
372	482
373	557
374	511
375	520
376	486
377	516
378	478
379	514
380	455
381	461
382	507
383	491
384	562
385	556
386	511
387	474
388	496
389	518
390	507
391	526
392	505
393	491
394	485
395	492
396	495
397	499
398	497
399	493
400	512
401	545
402	561
403	542
404	525
405	546
406	517
407	534
408	600
409	508
410	515
411	524
412	527
413	539
414	534
415	501
416	523
417	534
418	469
419	526
420	521
421	524
422	553
423	543
424	521
425	532
426	562
427	496
428	545
429	521
430	525
431	531
432	546
433	568
434	535
435	481
436	490
437	522
438	511
439	504
440	507
441	560
442	518
443	561
444	546
445	552
446	509
447	557
448	531
449	561
450	531
451	552
452	555
453	548
454	538
455	551
456	519
457	533
458	534
459	556
460	542
461	581
462	505
463	562
464	559
465	556
466	585
467	527
468	506
469	607
470	527
471	565
472	560
473	598
474	545
475	607
476	582
477	564
478	637
479	573
480	560
481	529
482	576
483	576
484	557
485	609
486	573
487	585
488	632
489	585
490	565
491	558
492	633
493	632
494	601
495	596
496	582
497	601
498	600
499	611
500	607
501	564
502	629
503	597
504	620
505	641
506	612
507	629
508	601
509	637
510	647
511	572
512	576
513	634
514	625
515	625
516	563
517	576
518	626
519	624
520	630
521	577
522	586
523	570
524	603
525	645
526	604
527	640
528	580
529	654
530	591
531	639
532	589
533	677
534	618
535	652
536	627
537	619
538	594
539	615
540	649
541	611
542	642
543	643
544	634
545	627
546	673
547	616
548	620
549	599
550	643
551	626
552	656
553	679
554	636
555	645
556	624
557	624
558	668
559	649
560	627
561	620
562	661
563	644
564	594
565	568
566	649
567	605
568	648
569	622
570	569
571	621
572	584
573	558
574	574
575	599
576	562
577	554
578	544
579	560
580	531
581	547
582	535
583	514
584	526
585	516
586	492
587	475
588	466
589	475
590	495
591	458
592	489
593	437
594	473
595	445
596	441
597	440
598	469
599	470
600	433
601	445
602	440
603	458
604	440
605	368
606	396
607	389
608	433
609	422
610	425
611	408
612	417
613	417
614	410
615	408
616	417
617	403
618	422
619	416
620	421
621	409
622	395
623	440
624	375
625	399
626	361
627	437
628	399
629	412
630	389
631	419
632	405
633	381
634	376
635	392
636	385
637	370
638	429
639	372
640	389
641	410
642	399
643	390
644	425
645	407
646	408
647	409
648	409
649	387
650	399
651	387
652	416
653	403
654	381
655	425
656	395
657	412
658	402
659	430
660	448
661	498
662	442
663	437
664	450
665	449
666	449
667	452
668	514
669	543
670	488
671	558
672	537
673	550
674	630
675	585
676	625
677	661
678	682
679	718
680	701
681	748
682	814
683	787
684	922
685	879
686	967
687	957
688	985
689	1071
690	1083
691	1080
692	1138
693	1229
694	1229
695	1243
696	1266
697	1397
698	1373
699	1328
700	1373
701	1378
702	1430
703	1512
704	1485
705	1476
706	1440
707	1443
708	1445
709	1458
710	1330
711	1364
712	1433
713	1379
714	1318
715	1279
716	1262
717	1172
718	1131
719	1133
720	1067
721	1025
722	912
723	874
724	879
725	835
726	793
727	693
728	696
729	654
730	583
731	606
732	534
733	507
734	454
735	468
736	403
737	371
738	382
739	359
740	296
741	319
742	250
743	244
744	224
745	208
746	209
747	217
748	210
749	214
750	203
751	202
752	214
753	214
754	231
755	208
756	238
757	231
758	226
759	253
760	261
761	255
762	283
763	320
764	307
765	351
766	344
767	355
768	383
769	406
770	452
771	516
772	494
773	505
774	592
775	560
776	626
777	601
778	642
779	716
780	721
781	783
782	811
783	833
784	885
785	846
786	950
787	957
788	1000
789	1021
790	1017
791	1018
792	998
793	1055
794	1136
795	1094
796	1061
797	1154
798	1059
799	1123
800	1077
801	1154
802	1087
803	1098
804	1046
805	1053
806	1007
807	1001
808	947
809	976
810	935
811	847
812	921
813	832
814	818
815	763
816	750
817	663
818	714
819	600
820	582
821	567
822	563
823	513
824	467
825	464
826	424
827	380
828	326
829	340
830	291
831	278
832	255
833	237
834	208
835	175
836	166
837	154
838	164
839	121
840	112
841	111
842	96
843	75
844	81
845	77
846	73
847	58
848	56
849	55
850	40
851	44
852	42
853	42
854	41
855	31
856	34
857	26
858	33
859	18
860	20
861	24
862	29
863	25
864	28
865	16
866	24
867	18
868	17
869	23
870	17
871	13
872	16
873	11
874	20
875	16
876	24
877	11
878	18
879	19
880	22
881	14
882	10
883	16
884	23
885	13
886	20
887	9
888	18
889	17
890	16
891	18
892	10
893	13
894	18
895	25
896	9
897	14
898	12
899	12
900	13
901	16
902	11
903	17
904	12
905	17
906	20
907	15
908	17
909	19
910	13
911	12
912	11
913	19
914	20
915	12
916	15
917	14
918	14
919	17
920	13
921	19
922	12
923	8
924	16
925	12
926	13
927	18
928	11
929	14
930	11
931	7
932	15
933	18
934	15
935	15
936	9
937	18
938	13
939	13
940	11
941	10
942	13
943	16
944	6
945	16
946	17
947	13
948	16
949	16
950	12
951	12
952	18
953	15
954	12
955	14
956	16
957	15
958	10
959	11
960	10
961	13
962	15
963	9
964	15
965	14
966	16
967	15
968	20
969	6
970	18
971	14
972	13
973	12
974	15
975	13
976	15
977	16
978	12
979	9
980	8
981	16
982	8
983	13
984	7
985	7
986	11
987	10
988	7
989	10
990	13
991	11
992	9
993	11
994	15
995	13
996	13
997	11
998	14
999	10
1000	5
1001	9
1002	13
1003	5
1004	8
1005	7
1006	13
1007	14
1008	6
1009	11
1010	11
1011	12
1012	13
1013	10
1014	10
1015	12
1016	7
1017	12
1018	11
1019	14
1020	7
1021	8
1022	14
1023	8
