Channel	Data
0	0
1	0
2	0
3	0
4	0
5	0
6	0
7	0
8	0
9	0
10	0
11	0
12	0
13	0
14	311
15	302
16	353
17	364
18	415
19	376
20	407
21	451
22	462
23	433
24	448
25	480
26	483
27	514
28	528
29	569
30	669
31	684
32	733
33	725
34	796
35	861
36	942
37	974
38	1049
39	1108
40	1137
41	1283
42	1323
43	1373
44	1409
45	1561
46	1660
47	1629
48	1659
49	1803
50	1818
51	1938
52	1817
53	1786
54	1849
55	1832
56	1730
57	1809
58	1805
59	1754
60	1748
61	1704
62	1715
63	1806
64	1688
65	1616
66	1659
67	1570
68	1626
69	1628
70	1576
71	1553
72	1582
73	1465
74	1558
75	1483
76	1533
77	1442
78	1509
79	1464
80	1413
81	1448
82	1379
83	1410
84	1300
85	1323
86	1248
87	1379
88	1271
89	1282
90	1229
91	1294
92	1202
93	1139
94	1192
95	1150
96	1071
97	1148
98	1132
99	1092
100	1057
101	1029
102	1138
103	1050
104	978
105	992
106	933
107	982
108	945
109	916
110	959
111	894
112	897
113	902
114	901
115	889
116	831
117	828
118	884
119	847
120	837
121	795
122	811
123	758
124	765
125	745
126	737
127	739
128	693
129	738
130	642
131	704
132	726
133	697
134	692
135	623
136	653
137	646
138	627
139	600
140	590
141	659
142	628
143	619
144	544
145	597
146	638
147	627
148	607
149	538
150	596
151	576
152	578
153	551
154	526
155	578
156	539
157	491
158	500
159	494
160	454
161	439
162	444
163	386
164	416
165	399
166	402
167	410
168	428
169	382
170	390
171	393
172	380
173	363
174	402
175	369
176	373
177	338
178	332
179	372
180	338
181	345
182	366
183	343
184	338
185	338
186	338
187	305
188	307
189	312
190	322
191	303
192	311
193	270
194	260
195	275
196	254
197	269
198	256
199	233
200	256
201	265
202	276
203	252
204	258
205	259
206	238
207	278
208	238
209	240
210	237
211	260
212	250
213	233
214	227
215	233
216	261
217	235
218	210
219	207
220	239
221	224
222	199
223	187
224	190
225	226
226	194
227	175
228	183
229	183
230	184
231	175
232	177
233	187
234	158
235	178
236	173
237	190
238	170
239	176
240	141
241	153
242	127
243	141
244	144
245	162
246	149
247	125
248	120
249	159
250	133
251	129
252	138
253	135
254	130
255	147
256	133
257	136
258	130
259	127
260	124
261	131
262	137
263	126
264	114
265	123
266	129
267	127
268	112
269	113
270	111
271	136
272	132
273	130
274	115
275	102
276	132
277	117
278	113
279	128
280	113
281	119
282	125
283	117
284	99
285	110
286	110
287	104
288	105
289	122
290	116
291	117
292	103
293	118
294	112
295	118
296	104
297	108
298	112
299	129
300	100
301	95
302	114
303	93
304	85
305	85
306	98
307	99
308	106
309	100
310	101
311	100
312	114
313	98
314	97
315	100
316	95
317	106
318	93
319	107
320	89
321	93
322	95
323	85
324	87
325	99
326	94
327	90
328	80
329	95
330	85
331	86
332	81
333	76
334	73
335	89
336	84
337	83
338	86
339	95
340	87
341	71
342	69
343	104
344	82
345	104
346	85
347	80
348	80
349	102
350	109
351	84
352	82
353	84
354	80
355	80
356	101
357	77
358	69
359	87
360	78
361	100
362	91
363	96
364	98
365	99
366	94
367	86
368	103
369	93
370	103
371	103
372	87
373	95
374	78
375	88
376	83
377	73
378	77
379	72
380	96
381	79
382	85
383	65
384	68
385	65
386	53
387	70
388	50
389	60
390	55
391	67
392	51
393	57
394	58
395	52
396	46
397	57
398	56
399	55
400	58
401	46
402	54
403	57
404	64
405	45
406	46
407	44
408	52
409	54
410	51
411	33
412	47
413	46
414	46
415	46
416	70
417	51
418	35
419	46
420	42
421	52
422	56
423	43
424	42
425	34
426	39
427	39
428	40
429	52
430	50
431	42
432	49
433	33
434	47
435	37
436	52
437	47
438	52
439	60
440	47
441	52
442	45
443	49
444	32
445	54
446	48
447	46
448	47
449	44
450	39
451	41
452	36
453	36
454	48
455	41
456	42
457	43
458	44
459	38
460	48
461	44
462	54
463	44
464	33
465	39
466	45
467	38
468	39
469	45
470	43
471	43
472	36
473	49
474	44
475	45
476	31
477	34
478	42
479	36
480	48
481	43
482	49
483	37
484	35
485	44
486	43
487	42
488	43
489	36
490	52
491	33
492	45
493	31
494	33
495	48
496	36
497	40
498	41
499	41
500	35
501	39
502	37
503	38
504	36
505	36
506	29
507	36
508	36
509	37
510	47
511	41
512	41
513	39
514	45
515	34
516	43
517	40
518	44
519	32
520	30
521	36
522	38
523	45
524	41
525	37
526	34
527	36
528	28
529	31
530	46
531	42
532	31
533	53
534	43
535	31
536	40
537	42
538	40
539	48
540	40
541	46
542	50
543	34
544	36
545	47
546	40
547	32
548	50
549	42
550	32
551	33
552	33
553	38
554	53
555	44
556	50
557	28
558	45
559	32
560	55
561	32
562	43
563	37
564	40
565	45
566	33
567	39
568	33
569	31
570	42
571	43
572	34
573	34
574	42
575	31
576	43
577	32
578	41
579	40
580	34
581	26
582	37
583	34
584	29
585	33
586	33
587	40
588	31
589	34
590	34
591	39
592	34
593	38
594	31
595	37
596	28
597	35
598	34
599	30
600	27
601	29
602	26
603	38
604	39
605	22
606	26
607	34
608	38
609	47
610	25
611	22
612	30
613	26
614	22
615	21
616	24
617	25
618	27
619	26
620	25
621	23
622	26
623	25
624	33
625	33
626	24
627	34
628	20
629	26
630	26
631	25
632	36
633	30
634	27
635	29
636	24
637	28
638	39
639	33
640	23
641	22
642	26
643	32
644	32
645	28
646	37
647	30
648	26
649	34
650	37
651	28
652	23
653	35
654	27
655	25
656	29
657	37
658	29
659	25
660	31
661	32
662	24
663	20
664	41
665	22
666	28
667	24
668	26
669	26
670	30
671	29
672	26
673	26
674	22
675	29
676	34
677	24
678	19
679	34
680	27
681	29
682	19
683	27
684	25
685	28
686	20
687	25
688	24
689	29
690	28
691	20
692	25
693	22
694	23
695	19
696	17
697	31
698	15
699	24
700	26
701	25
702	21
703	25
704	15
705	27
706	23
707	23
708	32
709	21
710	20
711	14
712	24
713	29
714	26
715	24
716	12
717	14
718	23
719	30
720	10
721	24
722	20
723	17
724	15
725	19
726	26
727	11
728	12
729	28
730	29
731	17
732	15
733	18
734	27
735	7
736	17
737	18
738	22
739	22
740	14
741	13
742	18
743	17
744	16
745	20
746	15
747	16
748	15
749	16
750	16
751	21
752	16
753	19
754	12
755	11
756	17
757	13
758	20
759	15
760	16
761	13
762	14
763	22
764	13
765	14
766	12
767	8
768	17
769	24
770	18
771	14
772	10
773	19
774	9
775	13
776	20
777	12
778	7
779	22
780	9
781	22
782	8
783	19
784	24
785	9
786	6
787	12
788	16
789	12
790	8
791	16
792	16
793	17
794	11
795	13
796	13
797	17
798	18
799	15
800	20
801	11
802	9
803	12
804	26
805	14
806	15
807	15
808	13
809	15
810	14
811	13
812	19
813	20
814	18
815	15
816	14
817	12
818	12
819	17
820	12
821	23
822	15
823	16
824	22
825	15
826	15
827	22
828	24
829	25
830	23
831	16
832	29
833	11
834	25
835	29
836	19
837	23
838	25
839	30
840	26
841	24
842	32
843	31
844	36
845	25
846	30
847	33
848	23
849	32
850	31
851	34
852	30
853	35
854	31
855	40
856	31
857	36
858	36
859	44
860	35
861	33
862	34
863	40
864	49
865	30
866	31
867	37
868	30
869	33
870	45
871	36
872	42
873	41
874	28
875	29
876	36
877	25
878	32
879	34
880	37
881	29
882	27
883	36
884	29
885	25
886	15
887	25
888	20
889	19
890	29
891	27
892	21
893	20
894	27
895	20
896	16
897	15
898	18
899	14
900	16
901	14
902	8
903	13
904	13
905	12
906	9
907	13
908	7
909	7
910	7
911	9
912	10
913	10
914	11
915	13
916	3
917	7
918	7
919	3
920	10
921	8
922	4
923	7
924	7
925	7
926	8
927	9
928	11
929	9
930	4
931	6
932	9
933	10
934	8
935	6
936	7
937	6
938	6
939	8
940	2
941	4
942	5
943	9
944	2
945	4
946	5
947	3
948	8
949	9
950	6
951	8
952	6
953	5
954	6
955	5
956	8
957	6
958	4
959	2
960	11
961	4
962	2
963	6
964	4
965	2
966	6
967	6
968	5
969	2
970	5
971	6
972	4
973	5
974	4
975	5
976	4
977	5
978	4
979	4
980	6
981	7
982	3
983	3
984	6
985	3
986	5
987	5
988	2
989	5
990	4
991	2
992	6
993	1
994	4
995	4
996	5
997	2
998	0
999	7
1000	4
1001	7
1002	5
1003	8
1004	4
1005	5
1006	3
1007	3
1008	7
1009	4
1010	3
1011	5
1012	6
1013	5
1014	5
1015	4
1016	3
1017	11
1018	3
1019	8
1020	4
1021	7
1022	8
1023	5
