Filename:  D:\Università\IFNS\Lab\Lab-IFNS\Dati\Stab_60Co\i 60Co.mca
Description:  
TimeStamp:  03/21/2022 15:09:05

Spectral Data Information
Channel	Data
0	0
1	0
2	0
3	0
4	0
5	0
6	0
7	0
8	0
9	0
10	0
11	0
12	0
13	0
14	97
15	90
16	114
17	110
18	116
19	124
20	131
21	134
22	129
23	110
24	129
25	127
26	119
27	134
28	131
29	121
30	128
31	132
32	146
33	150
34	132
35	130
36	125
37	115
38	146
39	148
40	155
41	155
42	165
43	185
44	176
45	163
46	188
47	207
48	240
49	275
50	294
51	315
52	286
53	283
54	286
55	249
56	210
57	205
58	195
59	179
60	154
61	143
62	147
63	142
64	150
65	110
66	111
67	127
68	126
69	117
70	119
71	117
72	109
73	120
74	133
75	126
76	107
77	123
78	114
79	119
80	131
81	118
82	101
83	125
84	131
85	119
86	123
87	121
88	116
89	120
90	143
91	129
92	115
93	115
94	125
95	141
96	132
97	135
98	122
99	123
100	124
101	137
102	129
103	125
104	131
105	139
106	139
107	148
108	138
109	121
110	127
111	139
112	127
113	118
114	136
115	147
116	136
117	143
118	131
119	146
120	144
121	119
122	117
123	139
124	146
125	142
126	122
127	153
128	142
129	157
130	161
131	143
132	173
133	155
134	194
135	158
136	178
137	197
138	203
139	198
140	208
141	222
142	210
143	175
144	191
145	244
146	215
147	235
148	241
149	218
150	271
151	221
152	242
153	239
154	231
155	280
156	216
157	265
158	271
159	242
160	264
161	212
162	242
163	240
164	199
165	221
166	219
167	233
168	226
169	223
170	209
171	244
172	192
173	191
174	211
175	184
176	178
177	206
178	172
179	204
180	186
181	187
182	162
183	157
184	140
185	172
186	176
187	158
188	144
189	125
190	140
191	147
192	147
193	138
194	148
195	148
196	148
197	154
198	137
199	147
200	142
201	154
202	129
203	119
204	142
205	121
206	117
207	146
208	104
209	109
210	119
211	100
212	123
213	110
214	109
215	124
216	112
217	102
218	114
219	116
220	116
221	110
222	120
223	103
224	113
225	111
226	97
227	108
228	117
229	114
230	102
231	120
232	108
233	104
234	114
235	102
236	104
237	108
238	101
239	97
240	98
241	108
242	108
243	114
244	102
245	92
246	90
247	87
248	85
249	104
250	93
251	104
252	93
253	85
254	118
255	95
256	97
257	105
258	84
259	85
260	80
261	86
262	101
263	84
264	116
265	98
266	97
267	79
268	81
269	81
270	115
271	94
272	87
273	86
274	96
275	101
276	87
277	89
278	88
279	79
280	89
281	93
282	82
283	80
284	83
285	77
286	89
287	94
288	78
289	78
290	106
291	99
292	84
293	89
294	91
295	94
296	91
297	110
298	101
299	88
300	87
301	84
302	94
303	88
304	84
305	78
306	84
307	100
308	101
309	95
310	86
311	103
312	103
313	99
314	83
315	87
316	98
317	98
318	97
319	106
320	87
321	108
322	106
323	95
324	91
325	117
326	75
327	80
328	85
329	87
330	90
331	84
332	84
333	102
334	83
335	97
336	104
337	90
338	89
339	77
340	87
341	96
342	84
343	84
344	82
345	98
346	78
347	99
348	105
349	92
350	81
351	83
352	103
353	93
354	88
355	85
356	98
357	82
358	87
359	99
360	98
361	81
362	77
363	97
364	93
365	85
366	90
367	91
368	85
369	85
370	95
371	87
372	91
373	80
374	81
375	93
376	72
377	83
378	101
379	94
380	84
381	72
382	81
383	86
384	97
385	98
386	92
387	66
388	94
389	92
390	90
391	96
392	94
393	96
394	92
395	91
396	88
397	93
398	101
399	89
400	76
401	85
402	71
403	77
404	93
405	96
406	78
407	90
408	72
409	84
410	97
411	97
412	102
413	84
414	83
415	80
416	84
417	103
418	84
419	83
420	91
421	113
422	107
423	117
424	89
425	86
426	88
427	103
428	98
429	85
430	95
431	90
432	80
433	88
434	93
435	96
436	86
437	98
438	107
439	92
440	103
441	94
442	96
443	90
444	104
445	87
446	108
447	94
448	107
449	94
450	95
451	91
452	82
453	100
454	99
455	92
456	113
457	89
458	85
459	101
460	90
461	103
462	105
463	93
464	108
465	108
466	97
467	87
468	104
469	76
470	88
471	116
472	98
473	89
474	103
475	112
476	101
477	103
478	100
479	95
480	98
481	95
482	107
483	97
484	94
485	104
486	106
487	107
488	107
489	96
490	100
491	106
492	122
493	106
494	105
495	111
496	105
497	100
498	117
499	111
500	107
501	96
502	98
503	99
504	103
505	95
506	94
507	115
508	129
509	113
510	112
511	114
512	122
513	125
514	103
515	96
516	102
517	107
518	118
519	89
520	116
521	103
522	114
523	104
524	121
525	136
526	126
527	107
528	133
529	124
530	109
531	91
532	115
533	109
534	113
535	130
536	96
537	90
538	137
539	114
540	124
541	100
542	116
543	128
544	122
545	116
546	104
547	91
548	119
549	117
550	108
551	129
552	121
553	111
554	127
555	127
556	116
557	117
558	98
559	116
560	99
561	117
562	108
563	106
564	111
565	114
566	104
567	96
568	101
569	107
570	96
571	107
572	105
573	116
574	114
575	98
576	95
577	93
578	90
579	107
580	92
581	97
582	102
583	96
584	109
585	89
586	87
587	80
588	84
589	96
590	106
591	80
592	90
593	99
594	83
595	76
596	81
597	69
598	83
599	80
600	64
601	82
602	67
603	87
604	70
605	75
606	75
607	77
608	75
609	69
610	72
611	70
612	83
613	74
614	73
615	78
616	70
617	78
618	80
619	70
620	64
621	84
622	64
623	56
624	77
625	64
626	67
627	75
628	67
629	55
630	67
631	62
632	71
633	69
634	63
635	90
636	67
637	63
638	75
639	62
640	63
641	81
642	67
643	73
644	67
645	82
646	70
647	77
648	73
649	65
650	82
651	83
652	79
653	73
654	67
655	81
656	72
657	90
658	80
659	76
660	66
661	81
662	73
663	78
664	75
665	73
666	73
667	72
668	91
669	74
670	91
671	89
672	97
673	93
674	94
675	101
676	99
677	105
678	127
679	125
680	137
681	124
682	121
683	121
684	146
685	162
686	186
687	165
688	173
689	177
690	200
691	206
692	217
693	224
694	207
695	235
696	230
697	255
698	255
699	244
700	238
701	248
702	255
703	248
704	240
705	254
706	234
707	251
708	273
709	276
710	282
711	231
712	224
713	240
714	240
715	227
716	222
717	228
718	223
719	226
720	197
721	193
722	200
723	175
724	180
725	171
726	155
727	137
728	129
729	121
730	97
731	92
732	99
733	106
734	74
735	70
736	71
737	68
738	69
739	58
740	60
741	58
742	55
743	35
744	44
745	52
746	38
747	39
748	47
749	45
750	49
751	27
752	28
753	41
754	29
755	42
756	40
757	46
758	43
759	51
760	50
761	46
762	62
763	43
764	88
765	53
766	60
767	67
768	65
769	83
770	68
771	86
772	89
773	112
774	76
775	110
776	128
777	120
778	126
779	123
780	125
781	143
782	140
783	147
784	186
785	135
786	152
787	174
788	152
789	164
790	188
791	176
792	185
793	183
794	172
795	200
796	180
797	204
798	200
799	186
800	193
801	201
802	164
803	199
804	175
805	173
806	208
807	152
808	183
809	170
810	163
811	160
812	133
813	161
814	132
815	147
816	131
817	117
818	134
819	147
820	95
821	116
822	94
823	105
824	68
825	80
826	84
827	82
828	55
829	64
830	58
831	50
832	38
833	45
834	29
835	24
836	40
837	23
838	26
839	19
840	36
841	15
842	15
843	14
844	15
845	14
846	14
847	4
848	9
849	9
850	15
851	8
852	8
853	9
854	13
855	8
856	4
857	4
858	8
859	3
860	7
861	5
862	2
863	6
864	3
865	6
866	2
867	3
868	1
869	3
870	1
871	3
872	2
873	2
874	3
875	3
876	4
877	4
878	3
879	2
880	4
881	4
882	2
883	6
884	1
885	3
886	3
887	4
888	2
889	4
890	3
891	4
892	2
893	3
894	3
895	2
896	3
897	4
898	2
899	1
900	1
901	5
902	0
903	0
904	3
905	0
906	1
907	2
908	3
909	2
910	3
911	5
912	6
913	3
914	3
915	0
916	3
917	3
918	2
919	4
920	3
921	4
922	3
923	1
924	2
925	1
926	2
927	3
928	4
929	2
930	3
931	1
932	1
933	3
934	3
935	0
936	2
937	2
938	3
939	1
940	7
941	3
942	2
943	2
944	1
945	3
946	3
947	1
948	2
949	4
950	3
951	2
952	1
953	2
954	2
955	0
956	0
957	6
958	1
959	1
960	1
961	1
962	3
963	2
964	5
965	0
966	4
967	1
968	7
969	3
970	1
971	1
972	2
973	4
974	3
975	3
976	1
977	1
978	3
979	2
980	3
981	3
982	0
983	1
984	1
985	2
986	0
987	1
988	0
989	2
990	4
991	1
992	2
993	2
994	3
995	2
996	3
997	1
998	1
999	0
1000	1
1001	4
1002	4
1003	3
1004	0
1005	1
1006	3
1007	0
1008	2
1009	1
1010	5
1011	1
1012	2
1013	0
1014	0
1015	2
1016	1
1017	0
1018	4
1019	1
1020	3
1021	2
1022	1
1023	2
