Filename:  D:\Università\IFNS\Lab\Lab-IFNS\Dati\Stab_60Co\ii 60Co.mca
Description:  
TimeStamp:  03/21/2022 15:12:10

ROI Information
Start	End	FWHM (N)	Net Area	Gross Area	Centroid (N)	Uncertainty	Status
749	861	37.693	9532	11863	798.79	1.25	GOOD
797	800	0.000	0	459	0	0	BAD

Spectral Data Information
Channel	Data
0	0
1	0
2	0
3	0
4	0
5	0
6	0
7	0
8	0
9	0
10	0
11	0
12	0
13	0
14	129
15	125
16	131
17	150
18	135
19	128
20	153
21	149
22	133
23	130
24	143
25	152
26	137
27	142
28	164
29	162
30	156
31	174
32	154
33	149
34	154
35	156
36	169
37	172
38	182
39	170
40	164
41	193
42	184
43	200
44	212
45	235
46	228
47	259
48	284
49	362
50	359
51	367
52	355
53	332
54	312
55	297
56	268
57	219
58	220
59	199
60	219
61	201
62	169
63	152
64	158
65	143
66	158
67	138
68	142
69	128
70	141
71	122
72	133
73	157
74	134
75	147
76	147
77	134
78	150
79	130
80	142
81	146
82	147
83	134
84	145
85	135
86	161
87	141
88	164
89	141
90	148
91	116
92	173
93	148
94	136
95	201
96	144
97	141
98	164
99	152
100	158
101	159
102	152
103	155
104	132
105	150
106	136
107	167
108	160
109	155
110	158
111	163
112	143
113	149
114	140
115	162
116	140
117	162
118	150
119	168
120	174
121	176
122	146
123	178
124	157
125	186
126	153
127	183
128	169
129	158
130	177
131	198
132	189
133	220
134	227
135	218
136	219
137	241
138	225
139	258
140	246
141	262
142	237
143	230
144	267
145	314
146	284
147	275
148	293
149	259
150	299
151	269
152	295
153	297
154	283
155	284
156	321
157	308
158	333
159	279
160	273
161	275
162	266
163	271
164	279
165	262
166	253
167	264
168	233
169	255
170	243
171	267
172	253
173	209
174	232
175	232
176	223
177	193
178	214
179	210
180	198
181	190
182	208
183	197
184	191
185	202
186	200
187	192
188	186
189	183
190	192
191	184
192	173
193	177
194	169
195	179
196	179
197	181
198	193
199	166
200	146
201	168
202	167
203	175
204	161
205	149
206	162
207	143
208	159
209	155
210	159
211	145
212	140
213	123
214	143
215	145
216	125
217	118
218	143
219	133
220	125
221	127
222	118
223	122
224	123
225	143
226	97
227	135
228	133
229	119
230	125
231	143
232	112
233	113
234	116
235	142
236	118
237	120
238	120
239	106
240	110
241	119
242	120
243	117
244	110
245	119
246	120
247	107
248	110
249	95
250	116
251	120
252	120
253	131
254	113
255	125
256	116
257	131
258	106
259	116
260	119
261	107
262	121
263	118
264	94
265	100
266	111
267	110
268	116
269	101
270	106
271	117
272	93
273	102
274	112
275	122
276	126
277	128
278	115
279	130
280	116
281	89
282	100
283	94
284	126
285	97
286	110
287	138
288	118
289	105
290	119
291	112
292	86
293	111
294	99
295	136
296	102
297	98
298	116
299	104
300	103
301	111
302	97
303	106
304	106
305	93
306	130
307	112
308	128
309	109
310	97
311	108
312	118
313	117
314	108
315	114
316	118
317	97
318	112
319	102
320	130
321	113
322	94
323	117
324	112
325	122
326	117
327	103
328	113
329	109
330	86
331	115
332	119
333	99
334	100
335	104
336	105
337	124
338	108
339	91
340	102
341	109
342	117
343	91
344	105
345	97
346	104
347	95
348	124
349	109
350	101
351	118
352	97
353	90
354	94
355	102
356	89
357	118
358	96
359	107
360	118
361	102
362	113
363	109
364	79
365	91
366	95
367	113
368	106
369	96
370	109
371	96
372	128
373	110
374	105
375	114
376	107
377	107
378	92
379	121
380	97
381	121
382	99
383	93
384	98
385	108
386	112
387	121
388	107
389	98
390	106
391	121
392	117
393	87
394	121
395	112
396	111
397	118
398	108
399	133
400	107
401	117
402	92
403	111
404	108
405	101
406	110
407	98
408	97
409	101
410	104
411	110
412	122
413	108
414	105
415	120
416	113
417	116
418	138
419	110
420	95
421	96
422	109
423	104
424	112
425	114
426	111
427	105
428	107
429	111
430	112
431	101
432	122
433	123
434	114
435	128
436	113
437	120
438	111
439	123
440	100
441	102
442	122
443	125
444	110
445	106
446	104
447	120
448	115
449	140
450	107
451	114
452	139
453	123
454	119
455	122
456	117
457	110
458	113
459	102
460	125
461	129
462	108
463	113
464	117
465	107
466	102
467	117
468	115
469	108
470	127
471	111
472	115
473	125
474	103
475	126
476	114
477	137
478	81
479	116
480	116
481	110
482	109
483	113
484	130
485	130
486	119
487	116
488	114
489	124
490	102
491	112
492	108
493	113
494	114
495	108
496	135
497	129
498	119
499	139
500	125
501	139
502	101
503	126
504	131
505	120
506	128
507	124
508	120
509	141
510	129
511	135
512	137
513	134
514	125
515	119
516	120
517	128
518	126
519	130
520	113
521	137
522	128
523	127
524	140
525	137
526	128
527	129
528	126
529	114
530	116
531	146
532	148
533	131
534	140
535	132
536	127
537	117
538	137
539	144
540	116
541	126
542	116
543	125
544	135
545	133
546	148
547	114
548	136
549	157
550	127
551	146
552	132
553	143
554	122
555	122
556	119
557	153
558	127
559	140
560	130
561	115
562	119
563	149
564	127
565	140
566	141
567	114
568	122
569	140
570	131
571	130
572	133
573	128
574	109
575	122
576	122
577	112
578	110
579	114
580	125
581	99
582	104
583	100
584	87
585	114
586	94
587	103
588	118
589	79
590	98
591	82
592	88
593	86
594	84
595	106
596	82
597	95
598	81
599	99
600	88
601	100
602	80
603	75
604	89
605	76
606	62
607	88
608	83
609	75
610	100
611	81
612	80
613	84
614	88
615	75
616	72
617	90
618	64
619	77
620	98
621	68
622	102
623	86
624	79
625	92
626	80
627	85
628	85
629	85
630	99
631	89
632	80
633	87
634	81
635	82
636	88
637	80
638	76
639	75
640	76
641	77
642	82
643	85
644	99
645	96
646	93
647	85
648	88
649	78
650	83
651	79
652	95
653	85
654	78
655	97
656	94
657	90
658	89
659	80
660	92
661	84
662	84
663	98
664	97
665	102
666	114
667	127
668	99
669	101
670	96
671	107
672	130
673	101
674	107
675	109
676	110
677	125
678	138
679	155
680	148
681	179
682	182
683	185
684	189
685	193
686	191
687	210
688	221
689	260
690	242
691	234
692	230
693	262
694	279
695	256
696	283
697	252
698	301
699	316
700	315
701	306
702	293
703	305
704	315
705	323
706	278
707	294
708	318
709	300
710	297
711	283
712	267
713	298
714	248
715	286
716	239
717	247
718	231
719	219
720	196
721	200
722	220
723	199
724	156
725	180
726	190
727	147
728	150
729	137
730	135
731	126
732	120
733	99
734	99
735	92
736	66
737	84
738	93
739	79
740	78
741	46
742	56
743	62
744	50
745	48
746	50
747	50
748	41
749	37
750	32
751	41
752	39
753	51
754	46
755	39
756	47
757	44
758	44
759	50
760	58
761	65
762	67
763	73
764	60
765	70
766	83
767	70
768	80
769	86
770	83
771	96
772	103
773	118
774	118
775	136
776	120
777	146
778	131
779	162
780	175
781	137
782	200
783	170
784	182
785	179
786	192
787	190
788	218
789	195
790	213
791	214
792	219
793	255
794	193
795	195
796	216
797	225
798	235
799	224
800	236
801	233
802	200
803	232
804	230
805	226
806	222
807	215
808	196
809	187
810	195
811	171
812	192
813	188
814	140
815	143
816	142
817	167
818	149
819	128
820	113
821	133
822	124
823	97
824	106
825	78
826	80
827	84
828	79
829	72
830	72
831	66
832	50
833	46
834	49
835	42
836	41
837	41
838	28
839	23
840	24
841	28
842	22
843	15
844	16
845	19
846	19
847	13
848	15
849	10
850	11
851	14
852	5
853	7
854	8
855	8
856	7
857	3
858	9
859	8
860	1
861	5
862	3
863	4
864	5
865	6
866	4
867	2
868	9
869	2
870	4
871	3
872	2
873	5
874	1
875	6
876	3
877	5
878	4
879	4
880	3
881	3
882	1
883	4
884	6
885	3
886	3
887	2
888	3
889	7
890	2
891	1
892	3
893	2
894	4
895	2
896	4
897	3
898	2
899	0
900	2
901	2
902	3
903	1
904	3
905	3
906	1
907	5
908	4
909	3
910	2
911	3
912	2
913	3
914	2
915	4
916	4
917	3
918	1
919	5
920	5
921	7
922	1
923	2
924	2
925	4
926	1
927	4
928	1
929	1
930	1
931	3
932	1
933	1
934	5
935	2
936	3
937	1
938	5
939	3
940	0
941	1
942	3
943	2
944	0
945	6
946	3
947	3
948	4
949	1
950	1
951	1
952	2
953	4
954	4
955	2
956	5
957	4
958	1
959	2
960	3
961	2
962	1
963	6
964	4
965	3
966	3
967	0
968	5
969	1
970	6
971	2
972	2
973	6
974	3
975	0
976	1
977	2
978	2
979	4
980	2
981	3
982	1
983	2
984	1
985	0
986	1
987	2
988	1
989	3
990	7
991	3
992	1
993	3
994	2
995	0
996	1
997	2
998	2
999	1
1000	3
1001	2
1002	2
1003	2
1004	3
1005	3
1006	4
1007	2
1008	2
1009	1
1010	1
1011	0
1012	0
1013	3
1014	3
1015	4
1016	2
1017	3
1018	0
1019	1
1020	2
1021	1
1022	3
1023	1
