Filename:  D:\Università\IFNS\Lab\Lab-IFNS\Dati\Stab_60Co\v 60Co.mca
Description:  
TimeStamp:  03/21/2022 15:24:59

ROI Information
Start	End	FWHM (N)	Net Area	Gross Area	Centroid (N)	Uncertainty	Status
751	857	40.455	7822	9922	798.33	1.40	GOOD

Spectral Data Information
Channel	Data
0	0
1	0
2	0
3	0
4	0
5	0
6	0
7	0
8	0
9	0
10	0
11	0
12	0
13	0
14	93
15	104
16	120
17	123
18	102
19	115
20	97
21	134
22	101
23	124
24	123
25	136
26	118
27	122
28	146
29	108
30	125
31	156
32	139
33	121
34	122
35	139
36	137
37	137
38	138
39	126
40	150
41	150
42	144
43	154
44	188
45	177
46	192
47	220
48	215
49	278
50	284
51	286
52	280
53	275
54	256
55	231
56	194
57	200
58	187
59	181
60	175
61	153
62	154
63	157
64	130
65	120
66	121
67	139
68	113
69	114
70	124
71	112
72	114
73	124
74	134
75	110
76	91
77	134
78	130
79	102
80	119
81	118
82	101
83	125
84	130
85	114
86	120
87	145
88	115
89	131
90	144
91	113
92	135
93	134
94	126
95	126
96	130
97	128
98	126
99	129
100	125
101	105
102	126
103	141
104	134
105	127
106	139
107	115
108	115
109	138
110	130
111	136
112	127
113	141
114	138
115	118
116	141
117	148
118	150
119	114
120	136
121	134
122	151
123	149
124	130
125	133
126	131
127	154
128	153
129	127
130	160
131	158
132	165
133	197
134	177
135	180
136	185
137	178
138	197
139	238
140	184
141	208
142	214
143	238
144	243
145	251
146	230
147	217
148	249
149	271
150	257
151	232
152	225
153	214
154	252
155	237
156	233
157	211
158	234
159	262
160	207
161	239
162	228
163	258
164	223
165	233
166	233
167	236
168	189
169	189
170	227
171	187
172	188
173	194
174	157
175	165
176	189
177	172
178	180
179	171
180	162
181	181
182	176
183	167
184	176
185	143
186	153
187	167
188	153
189	161
190	185
191	170
192	160
193	165
194	142
195	158
196	128
197	120
198	161
199	135
200	140
201	148
202	119
203	150
204	111
205	126
206	150
207	119
208	124
209	124
210	112
211	123
212	125
213	132
214	111
215	110
216	107
217	105
218	103
219	85
220	106
221	108
222	108
223	120
224	105
225	88
226	113
227	118
228	123
229	115
230	125
231	109
232	88
233	105
234	112
235	91
236	108
237	108
238	106
239	101
240	95
241	98
242	108
243	97
244	97
245	105
246	95
247	102
248	111
249	102
250	102
251	99
252	75
253	94
254	96
255	90
256	98
257	97
258	97
259	79
260	86
261	90
262	89
263	83
264	92
265	86
266	91
267	84
268	91
269	92
270	79
271	90
272	106
273	102
274	88
275	104
276	84
277	95
278	79
279	89
280	93
281	105
282	87
283	89
284	112
285	86
286	112
287	89
288	91
289	77
290	89
291	93
292	76
293	85
294	81
295	106
296	93
297	91
298	91
299	91
300	95
301	89
302	64
303	91
304	94
305	91
306	92
307	92
308	92
309	88
310	102
311	98
312	109
313	104
314	94
315	109
316	86
317	88
318	101
319	77
320	75
321	92
322	100
323	94
324	87
325	84
326	79
327	110
328	104
329	85
330	76
331	87
332	88
333	88
334	108
335	91
336	90
337	85
338	98
339	88
340	90
341	93
342	80
343	81
344	68
345	82
346	89
347	89
348	99
349	74
350	80
351	87
352	97
353	82
354	72
355	100
356	92
357	85
358	82
359	93
360	78
361	72
362	84
363	98
364	108
365	92
366	91
367	97
368	90
369	86
370	98
371	95
372	76
373	84
374	79
375	86
376	71
377	91
378	80
379	85
380	94
381	91
382	113
383	85
384	86
385	87
386	88
387	86
388	66
389	73
390	83
391	85
392	92
393	94
394	78
395	89
396	86
397	98
398	96
399	80
400	98
401	88
402	94
403	102
404	96
405	105
406	90
407	73
408	84
409	108
410	96
411	110
412	87
413	90
414	83
415	76
416	97
417	94
418	92
419	105
420	97
421	90
422	99
423	101
424	88
425	91
426	104
427	92
428	92
429	100
430	100
431	104
432	87
433	92
434	103
435	75
436	105
437	92
438	86
439	84
440	107
441	92
442	99
443	100
444	105
445	87
446	98
447	93
448	102
449	104
450	77
451	87
452	87
453	105
454	115
455	100
456	100
457	78
458	90
459	101
460	75
461	109
462	95
463	103
464	90
465	116
466	101
467	113
468	100
469	99
470	90
471	90
472	98
473	79
474	98
475	113
476	89
477	105
478	102
479	115
480	80
481	98
482	98
483	114
484	113
485	98
486	97
487	92
488	105
489	95
490	104
491	84
492	105
493	104
494	90
495	113
496	103
497	103
498	102
499	88
500	109
501	108
502	94
503	116
504	111
505	105
506	99
507	98
508	118
509	104
510	106
511	95
512	111
513	102
514	100
515	100
516	100
517	129
518	129
519	88
520	116
521	121
522	95
523	119
524	95
525	111
526	137
527	103
528	111
529	113
530	111
531	101
532	110
533	94
534	112
535	109
536	108
537	112
538	120
539	101
540	91
541	119
542	90
543	102
544	97
545	122
546	129
547	117
548	91
549	121
550	109
551	99
552	134
553	116
554	101
555	99
556	121
557	117
558	86
559	109
560	121
561	121
562	99
563	102
564	105
565	118
566	96
567	101
568	125
569	110
570	105
571	104
572	105
573	104
574	105
575	95
576	100
577	81
578	83
579	101
580	89
581	94
582	86
583	93
584	84
585	78
586	92
587	80
588	87
589	84
590	92
591	95
592	81
593	81
594	71
595	93
596	76
597	68
598	102
599	57
600	73
601	70
602	75
603	78
604	73
605	81
606	63
607	62
608	86
609	80
610	69
611	62
612	62
613	70
614	69
615	74
616	77
617	71
618	60
619	73
620	64
621	75
622	71
623	66
624	71
625	71
626	86
627	72
628	61
629	67
630	65
631	73
632	56
633	78
634	85
635	66
636	68
637	57
638	67
639	76
640	79
641	66
642	73
643	59
644	70
645	69
646	83
647	83
648	71
649	68
650	69
651	62
652	72
653	88
654	77
655	102
656	79
657	68
658	66
659	74
660	82
661	72
662	76
663	86
664	71
665	68
666	72
667	82
668	75
669	94
670	78
671	94
672	100
673	108
674	115
675	91
676	99
677	92
678	117
679	122
680	133
681	134
682	135
683	170
684	160
685	175
686	165
687	169
688	185
689	180
690	184
691	189
692	227
693	205
694	214
695	223
696	238
697	240
698	213
699	238
700	251
701	228
702	274
703	249
704	244
705	256
706	245
707	248
708	238
709	242
710	260
711	267
712	223
713	249
714	206
715	260
716	206
717	176
718	228
719	201
720	197
721	172
722	167
723	165
724	161
725	159
726	137
727	121
728	131
729	83
730	124
731	111
732	92
733	94
734	84
735	73
736	84
737	45
738	65
739	52
740	46
741	60
742	41
743	42
744	35
745	34
746	39
747	39
748	44
749	22
750	41
751	32
752	33
753	36
754	47
755	37
756	45
757	38
758	40
759	40
760	45
761	41
762	42
763	65
764	53
765	53
766	60
767	75
768	69
769	75
770	85
771	95
772	87
773	94
774	126
775	96
776	107
777	100
778	102
779	116
780	138
781	152
782	141
783	150
784	156
785	152
786	147
787	148
788	165
789	193
790	172
791	178
792	202
793	197
794	206
795	210
796	195
797	188
798	194
799	184
800	210
801	188
802	193
803	187
804	165
805	191
806	167
807	153
808	193
809	156
810	160
811	173
812	165
813	161
814	122
815	128
816	136
817	121
818	118
819	124
820	104
821	86
822	93
823	76
824	84
825	77
826	62
827	69
828	72
829	49
830	56
831	41
832	48
833	50
834	37
835	24
836	33
837	36
838	33
839	22
840	13
841	20
842	21
843	24
844	13
845	6
846	15
847	13
848	10
849	7
850	8
851	10
852	7
853	8
854	8
855	3
856	3
857	8
858	7
859	7
860	1
861	6
862	3
863	5
864	5
865	2
866	6
867	1
868	5
869	5
870	4
871	2
872	3
873	2
874	5
875	2
876	2
877	6
878	3
879	2
880	7
881	5
882	3
883	4
884	2
885	1
886	5
887	3
888	5
889	3
890	2
891	5
892	0
893	5
894	2
895	4
896	4
897	3
898	5
899	2
900	1
901	2
902	1
903	1
904	3
905	1
906	0
907	4
908	5
909	3
910	4
911	3
912	1
913	0
914	3
915	2
916	0
917	2
918	4
919	2
920	2
921	1
922	1
923	0
924	4
925	3
926	1
927	1
928	2
929	2
930	2
931	5
932	2
933	0
934	3
935	1
936	5
937	3
938	2
939	0
940	2
941	2
942	5
943	3
944	1
945	4
946	3
947	1
948	2
949	2
950	0
951	1
952	7
953	2
954	2
955	0
956	1
957	3
958	2
959	2
960	2
961	1
962	3
963	3
964	2
965	2
966	0
967	2
968	3
969	4
970	1
971	2
972	3
973	1
974	2
975	4
976	3
977	0
978	2
979	2
980	1
981	1
982	1
983	2
984	2
985	1
986	3
987	2
988	5
989	0
990	2
991	4
992	1
993	0
994	2
995	2
996	0
997	3
998	2
999	1
1000	2
1001	2
1002	3
1003	2
1004	1
1005	3
1006	2
1007	1
1008	0
1009	2
1010	0
1011	1
1012	1
1013	1
1014	3
1015	0
1016	3
1017	1
1018	3
1019	2
1020	2
1021	5
1022	0
1023	5
