Filename:  D:\Università\IFNS\Lab\Lab-IFNS\Dati\Stab_60Co\iii 60Co.mca
Description:  
TimeStamp:  03/21/2022 15:17:27

ROI Information
Start	End	FWHM (N)	Net Area	Gross Area	Centroid (N)	Uncertainty	Status
753	874	38.191	7115	9755	798.96	1.56	GOOD

Spectral Data Information
Channel	Data
0	0
1	0
2	0
3	0
4	0
5	0
6	0
7	0
8	0
9	0
10	0
11	0
12	0
13	0
14	126
15	112
16	92
17	127
18	106
19	130
20	117
21	123
22	122
23	110
24	130
25	120
26	125
27	121
28	116
29	122
30	148
31	127
32	141
33	113
34	127
35	150
36	138
37	138
38	145
39	160
40	138
41	180
42	156
43	165
44	186
45	191
46	194
47	214
48	233
49	282
50	289
51	290
52	272
53	313
54	273
55	240
56	223
57	184
58	178
59	217
60	166
61	162
62	132
63	115
64	133
65	103
66	128
67	108
68	133
69	112
70	119
71	105
72	120
73	115
74	116
75	104
76	103
77	112
78	106
79	134
80	132
81	99
82	115
83	103
84	116
85	122
86	130
87	110
88	122
89	126
90	121
91	124
92	114
93	130
94	133
95	130
96	125
97	125
98	119
99	129
100	135
101	129
102	118
103	129
104	126
105	120
106	133
107	133
108	128
109	132
110	141
111	110
112	140
113	134
114	120
115	129
116	122
117	137
118	129
119	144
120	125
121	127
122	142
123	149
124	128
125	142
126	135
127	142
128	156
129	155
130	191
131	155
132	190
133	192
134	172
135	172
136	179
137	197
138	186
139	211
140	215
141	192
142	204
143	232
144	228
145	225
146	252
147	238
148	234
149	256
150	252
151	228
152	257
153	231
154	230
155	264
156	261
157	258
158	231
159	247
160	207
161	239
162	238
163	226
164	250
165	235
166	218
167	227
168	240
169	187
170	197
171	214
172	207
173	229
174	210
175	176
176	197
177	192
178	190
179	209
180	201
181	183
182	162
183	184
184	172
185	173
186	181
187	155
188	128
189	149
190	160
191	159
192	152
193	146
194	135
195	172
196	126
197	145
198	126
199	138
200	132
201	126
202	132
203	106
204	136
205	134
206	107
207	116
208	137
209	109
210	109
211	121
212	133
213	109
214	112
215	108
216	107
217	119
218	97
219	122
220	112
221	84
222	108
223	120
224	118
225	100
226	104
227	107
228	99
229	112
230	97
231	102
232	101
233	114
234	91
235	86
236	105
237	91
238	93
239	98
240	108
241	97
242	104
243	107
244	98
245	94
246	102
247	96
248	102
249	86
250	89
251	94
252	107
253	84
254	92
255	102
256	99
257	101
258	87
259	102
260	99
261	96
262	101
263	99
264	79
265	103
266	83
267	81
268	88
269	96
270	102
271	89
272	84
273	96
274	98
275	91
276	95
277	86
278	88
279	101
280	91
281	80
282	87
283	104
284	117
285	98
286	87
287	99
288	105
289	93
290	93
291	86
292	97
293	110
294	108
295	82
296	101
297	94
298	96
299	78
300	92
301	94
302	87
303	100
304	94
305	92
306	86
307	109
308	98
309	86
310	96
311	85
312	85
313	87
314	86
315	112
316	85
317	112
318	82
319	89
320	91
321	108
322	84
323	84
324	92
325	91
326	82
327	95
328	90
329	89
330	92
331	106
332	110
333	97
334	72
335	84
336	107
337	94
338	97
339	77
340	91
341	86
342	85
343	73
344	77
345	68
346	103
347	105
348	89
349	100
350	88
351	78
352	83
353	73
354	83
355	86
356	84
357	70
358	88
359	95
360	91
361	83
362	98
363	77
364	92
365	88
366	78
367	88
368	82
369	88
370	102
371	76
372	83
373	82
374	78
375	97
376	83
377	97
378	65
379	92
380	92
381	89
382	97
383	116
384	99
385	90
386	83
387	92
388	89
389	106
390	94
391	81
392	90
393	93
394	102
395	106
396	100
397	77
398	112
399	113
400	79
401	92
402	84
403	72
404	72
405	83
406	93
407	96
408	104
409	79
410	85
411	111
412	79
413	90
414	77
415	90
416	91
417	101
418	74
419	113
420	86
421	81
422	90
423	95
424	100
425	108
426	100
427	91
428	102
429	93
430	92
431	81
432	105
433	95
434	105
435	79
436	109
437	100
438	102
439	108
440	97
441	93
442	80
443	94
444	100
445	89
446	89
447	98
448	100
449	105
450	90
451	112
452	81
453	103
454	109
455	97
456	88
457	94
458	95
459	97
460	93
461	105
462	105
463	95
464	98
465	106
466	88
467	102
468	100
469	100
470	106
471	98
472	109
473	114
474	105
475	100
476	102
477	81
478	107
479	110
480	93
481	116
482	103
483	107
484	94
485	104
486	103
487	101
488	111
489	104
490	98
491	116
492	98
493	106
494	113
495	109
496	122
497	95
498	92
499	122
500	113
501	90
502	113
503	88
504	111
505	101
506	134
507	116
508	101
509	111
510	108
511	105
512	110
513	111
514	113
515	104
516	113
517	108
518	105
519	110
520	109
521	114
522	126
523	117
524	110
525	100
526	90
527	114
528	117
529	136
530	111
531	90
532	104
533	102
534	114
535	112
536	111
537	103
538	104
539	90
540	109
541	106
542	120
543	108
544	121
545	100
546	116
547	120
548	112
549	117
550	131
551	108
552	119
553	102
554	130
555	112
556	99
557	122
558	110
559	127
560	103
561	89
562	107
563	116
564	129
565	130
566	101
567	83
568	110
569	102
570	94
571	92
572	114
573	105
574	103
575	113
576	106
577	119
578	87
579	104
580	70
581	78
582	104
583	102
584	75
585	95
586	94
587	97
588	78
589	73
590	72
591	89
592	71
593	73
594	80
595	91
596	76
597	67
598	60
599	72
600	70
601	73
602	77
603	69
604	73
605	66
606	65
607	82
608	79
609	77
610	77
611	56
612	89
613	68
614	87
615	61
616	62
617	76
618	62
619	77
620	74
621	61
622	71
623	54
624	78
625	62
626	49
627	81
628	64
629	81
630	78
631	68
632	62
633	82
634	68
635	67
636	63
637	68
638	83
639	76
640	80
641	59
642	73
643	93
644	75
645	77
646	64
647	71
648	74
649	97
650	90
651	77
652	76
653	76
654	65
655	71
656	68
657	69
658	78
659	70
660	76
661	73
662	87
663	76
664	78
665	82
666	93
667	100
668	89
669	90
670	80
671	93
672	95
673	91
674	101
675	103
676	129
677	126
678	117
679	133
680	121
681	139
682	142
683	129
684	155
685	191
686	164
687	189
688	175
689	179
690	192
691	191
692	224
693	222
694	210
695	232
696	213
697	228
698	244
699	231
700	258
701	241
702	255
703	255
704	238
705	275
706	234
707	273
708	255
709	252
710	267
711	225
712	220
713	259
714	207
715	224
716	204
717	191
718	220
719	201
720	182
721	183
722	156
723	134
724	131
725	146
726	154
727	131
728	127
729	108
730	116
731	90
732	112
733	78
734	74
735	75
736	60
737	64
738	55
739	66
740	68
741	55
742	41
743	43
744	44
745	36
746	44
747	34
748	26
749	34
750	38
751	45
752	30
753	40
754	30
755	46
756	54
757	47
758	39
759	31
760	41
761	47
762	49
763	47
764	53
765	61
766	54
767	69
768	75
769	83
770	76
771	75
772	85
773	102
774	99
775	83
776	102
777	111
778	121
779	110
780	125
781	130
782	146
783	150
784	140
785	150
786	156
787	152
788	167
789	151
790	162
791	180
792	193
793	162
794	189
795	188
796	205
797	187
798	190
799	190
800	185
801	188
802	172
803	187
804	174
805	179
806	191
807	157
808	176
809	171
810	159
811	161
812	152
813	142
814	151
815	140
816	117
817	144
818	107
819	110
820	127
821	89
822	103
823	90
824	76
825	84
826	72
827	79
828	76
829	53
830	64
831	44
832	51
833	39
834	38
835	27
836	42
837	27
838	26
839	23
840	19
841	21
842	19
843	14
844	14
845	11
846	5
847	16
848	13
849	9
850	12
851	11
852	7
853	11
854	7
855	8
856	10
857	2
858	3
859	1
860	4
861	7
862	3
863	2
864	2
865	2
866	2
867	6
868	4
869	5
870	0
871	5
872	3
873	1
874	4
875	2
876	3
877	5
878	2
879	3
880	3
881	2
882	1
883	3
884	3
885	0
886	2
887	2
888	6
889	4
890	3
891	3
892	1
893	2
894	2
895	3
896	0
897	5
898	0
899	4
900	4
901	2
902	3
903	3
904	6
905	2
906	5
907	2
908	5
909	2
910	1
911	1
912	2
913	1
914	2
915	2
916	1
917	1
918	0
919	3
920	2
921	0
922	4
923	4
924	0
925	6
926	3
927	1
928	3
929	1
930	3
931	1
932	1
933	3
934	2
935	2
936	2
937	3
938	2
939	0
940	0
941	2
942	1
943	0
944	4
945	3
946	4
947	4
948	2
949	2
950	1
951	3
952	3
953	1
954	2
955	2
956	4
957	2
958	2
959	5
960	2
961	1
962	3
963	0
964	5
965	0
966	2
967	1
968	2
969	4
970	3
971	2
972	2
973	3
974	2
975	2
976	2
977	3
978	2
979	2
980	1
981	3
982	3
983	1
984	1
985	5
986	0
987	4
988	2
989	2
990	1
991	1
992	4
993	5
994	3
995	0
996	3
997	1
998	2
999	0
1000	7
1001	0
1002	2
1003	2
1004	0
1005	0
1006	2
1007	1
1008	2
1009	1
1010	1
1011	3
1012	1
1013	3
1014	2
1015	5
1016	3
1017	1
1018	3
1019	3
1020	2
1021	1
1022	2
1023	2
