Filename:  D:\Università\IFNS\Lab\Lab-IFNS\Dati\Stab_60Co\60Co final.mca
Description:  
TimeStamp:  03/21/2022 16:53:57

Spectral Data Information
Channel	Data
0	0
1	0
2	0
3	0
4	0
5	0
6	0
7	0
8	0
9	0
10	0
11	0
12	0
13	0
14	473
15	496
16	482
17	459
18	461
19	458
20	435
21	502
22	509
23	534
24	513
25	494
26	521
27	575
28	540
29	557
30	576
31	612
32	573
33	543
34	524
35	556
36	575
37	614
38	620
39	596
40	615
41	677
42	614
43	660
44	718
45	782
46	902
47	928
48	985
49	1166
50	1271
51	1239
52	1271
53	1199
54	1105
55	986
56	931
57	803
58	812
59	705
60	759
61	722
62	604
63	592
64	513
65	497
66	528
67	482
68	480
69	473
70	447
71	492
72	486
73	469
74	455
75	508
76	490
77	510
78	517
79	490
80	475
81	512
82	482
83	528
84	550
85	509
86	512
87	489
88	502
89	501
90	496
91	525
92	547
93	528
94	553
95	517
96	528
97	553
98	523
99	552
100	475
101	540
102	535
103	505
104	556
105	486
106	513
107	532
108	523
109	525
110	568
111	512
112	500
113	494
114	532
115	517
116	549
117	568
118	510
119	553
120	575
121	542
122	562
123	590
124	577
125	615
126	598
127	623
128	681
129	642
130	657
131	680
132	708
133	699
134	735
135	755
136	801
137	820
138	791
139	791
140	852
141	924
142	921
143	891
144	925
145	963
146	984
147	992
148	957
149	972
150	967
151	1056
152	973
153	1047
154	970
155	1075
156	1041
157	1017
158	984
159	1026
160	1016
161	1046
162	958
163	985
164	969
165	943
166	908
167	884
168	893
169	874
170	888
171	819
172	867
173	886
174	795
175	782
176	802
177	751
178	799
179	776
180	743
181	798
182	729
183	740
184	659
185	734
186	654
187	632
188	609
189	646
190	662
191	654
192	646
193	649
194	603
195	627
196	620
197	593
198	615
199	565
200	579
201	574
202	574
203	508
204	538
205	549
206	528
207	514
208	525
209	508
210	527
211	537
212	468
213	510
214	493
215	482
216	502
217	470
218	488
219	463
220	457
221	437
222	455
223	437
224	481
225	492
226	457
227	451
228	439
229	446
230	449
231	416
232	426
233	416
234	448
235	416
236	414
237	417
238	418
239	443
240	411
241	428
242	401
243	389
244	420
245	402
246	442
247	444
248	404
249	390
250	405
251	369
252	406
253	429
254	413
255	380
256	358
257	405
258	374
259	387
260	395
261	396
262	373
263	392
264	361
265	399
266	414
267	390
268	334
269	371
270	399
271	364
272	386
273	369
274	394
275	393
276	362
277	387
278	378
279	373
280	355
281	372
282	407
283	391
284	370
285	375
286	386
287	342
288	377
289	365
290	358
291	384
292	400
293	376
294	374
295	371
296	376
297	383
298	403
299	394
300	380
301	359
302	382
303	412
304	368
305	370
306	378
307	385
308	399
309	385
310	376
311	402
312	397
313	383
314	368
315	394
316	394
317	343
318	406
319	389
320	367
321	351
322	378
323	370
324	352
325	397
326	366
327	336
328	381
329	373
330	374
331	376
332	446
333	377
334	377
335	375
336	329
337	384
338	331
339	380
340	377
341	389
342	370
343	366
344	372
345	378
346	372
347	337
348	369
349	369
350	328
351	346
352	356
353	381
354	378
355	341
356	385
357	387
358	328
359	333
360	385
361	335
362	374
363	354
364	360
365	364
366	368
367	394
368	325
369	349
370	317
371	378
372	362
373	335
374	347
375	376
376	356
377	342
378	373
379	348
380	389
381	366
382	330
383	352
384	337
385	344
386	380
387	358
388	359
389	350
390	373
391	367
392	358
393	394
394	380
395	361
396	365
397	364
398	397
399	370
400	362
401	361
402	379
403	361
404	362
405	408
406	376
407	397
408	322
409	362
410	382
411	356
412	349
413	379
414	405
415	377
416	363
417	371
418	346
419	413
420	356
421	352
422	356
423	372
424	367
425	389
426	407
427	375
428	396
429	347
430	397
431	384
432	367
433	405
434	389
435	374
436	369
437	358
438	385
439	415
440	365
441	425
442	399
443	380
444	422
445	415
446	379
447	413
448	354
449	396
450	394
451	390
452	402
453	378
454	414
455	397
456	406
457	423
458	391
459	399
460	408
461	422
462	407
463	399
464	395
465	365
466	410
467	377
468	407
469	435
470	405
471	377
472	377
473	404
474	388
475	445
476	417
477	449
478	399
479	439
480	418
481	414
482	439
483	427
484	409
485	428
486	403
487	434
488	398
489	425
490	408
491	444
492	406
493	449
494	472
495	424
496	425
497	416
498	421
499	440
500	398
501	458
502	437
503	442
504	447
505	445
506	437
507	450
508	463
509	442
510	436
511	459
512	476
513	438
514	466
515	407
516	466
517	435
518	434
519	446
520	418
521	442
522	433
523	453
524	467
525	434
526	433
527	454
528	463
529	446
530	440
531	461
532	456
533	448
534	438
535	473
536	454
537	489
538	452
539	459
540	457
541	443
542	469
543	489
544	497
545	471
546	485
547	495
548	507
549	435
550	472
551	489
552	484
553	456
554	454
555	453
556	467
557	482
558	461
559	449
560	411
561	438
562	422
563	448
564	422
565	442
566	443
567	438
568	465
569	434
570	433
571	463
572	456
573	404
574	410
575	421
576	381
577	410
578	399
579	415
580	407
581	384
582	390
583	405
584	366
585	347
586	335
587	347
588	365
589	350
590	364
591	331
592	320
593	319
594	320
595	325
596	343
597	343
598	307
599	340
600	315
601	356
602	290
603	360
604	293
605	315
606	297
607	303
608	304
609	293
610	327
611	311
612	297
613	285
614	280
615	300
616	297
617	270
618	312
619	300
620	276
621	290
622	296
623	292
624	293
625	301
626	295
627	303
628	315
629	295
630	264
631	268
632	285
633	288
634	298
635	325
636	292
637	285
638	302
639	317
640	269
641	290
642	301
643	295
644	288
645	330
646	298
647	303
648	272
649	315
650	306
651	280
652	277
653	311
654	284
655	306
656	307
657	315
658	322
659	301
660	301
661	296
662	305
663	336
664	318
665	318
666	335
667	353
668	364
669	390
670	376
671	396
672	390
673	413
674	452
675	490
676	456
677	482
678	510
679	520
680	504
681	510
682	608
683	645
684	655
685	608
686	679
687	687
688	750
689	775
690	851
691	840
692	834
693	874
694	854
695	931
696	960
697	962
698	1022
699	970
700	994
701	1001
702	1035
703	994
704	1000
705	1042
706	1039
707	993
708	1031
709	945
710	1082
711	979
712	959
713	941
714	951
715	925
716	927
717	838
718	827
719	786
720	716
721	708
722	696
723	650
724	619
725	566
726	540
727	501
728	490
729	462
730	447
731	414
732	391
733	355
734	308
735	300
736	254
737	253
738	221
739	248
740	192
741	204
742	164
743	181
744	168
745	172
746	159
747	159
748	153
749	147
750	155
751	134
752	159
753	137
754	163
755	150
756	159
757	196
758	185
759	185
760	211
761	177
762	209
763	234
764	287
765	263
766	294
767	298
768	312
769	331
770	305
771	370
772	397
773	403
774	453
775	432
776	459
777	489
778	473
779	532
780	531
781	535
782	590
783	627
784	646
785	667
786	661
787	715
788	721
789	725
790	716
791	765
792	721
793	787
794	797
795	739
796	790
797	780
798	776
799	824
800	812
801	831
802	840
803	747
804	720
805	776
806	677
807	739
808	666
809	675
810	660
811	632
812	587
813	615
814	533
815	586
816	505
817	471
818	435
819	466
820	444
821	397
822	382
823	332
824	341
825	272
826	287
827	272
828	255
829	203
830	224
831	197
832	183
833	146
834	155
835	153
836	117
837	115
838	115
839	100
840	98
841	81
842	63
843	72
844	54
845	52
846	41
847	40
848	40
849	46
850	28
851	23
852	37
853	29
854	28
855	14
856	22
857	20
858	17
859	21
860	17
861	18
862	17
863	12
864	19
865	16
866	17
867	13
868	16
869	17
870	5
871	13
872	9
873	17
874	18
875	18
876	14
877	9
878	21
879	13
880	18
881	9
882	11
883	16
884	11
885	9
886	14
887	12
888	13
889	9
890	12
891	5
892	21
893	8
894	12
895	13
896	17
897	18
898	16
899	11
900	7
901	16
902	7
903	5
904	11
905	8
906	8
907	13
908	9
909	15
910	8
911	8
912	10
913	5
914	11
915	11
916	3
917	6
918	12
919	8
920	11
921	9
922	10
923	6
924	14
925	4
926	13
927	8
928	6
929	12
930	7
931	19
932	12
933	8
934	9
935	11
936	7
937	14
938	9
939	8
940	6
941	5
942	7
943	5
944	9
945	6
946	11
947	7
948	5
949	11
950	4
951	14
952	9
953	12
954	9
955	11
956	14
957	6
958	5
959	14
960	16
961	10
962	10
963	9
964	6
965	12
966	6
967	11
968	8
969	16
970	7
971	8
972	7
973	8
974	7
975	6
976	9
977	12
978	9
979	8
980	9
981	6
982	11
983	7
984	8
985	7
986	11
987	8
988	7
989	8
990	7
991	3
992	11
993	8
994	10
995	7
996	4
997	6
998	9
999	6
1000	4
1001	13
1002	9
1003	7
1004	5
1005	6
1006	11
1007	6
1008	5
1009	8
1010	2
1011	8
1012	8
1013	9
1014	6
1015	6
1016	2
1017	13
1018	3
1019	5
1020	6
1021	9
1022	5
1023	3
