Filename:  D:\Università\IFNS\Lab\Lab-IFNS\Dati\Stab_60Co\vi 60Co.mca
Description:  
TimeStamp:  03/21/2022 15:27:35

ROI Information
Start	End	FWHM (N)	Net Area	Gross Area	Centroid (N)	Uncertainty	Status
751	853	41.027	7976	10046	798.49	1.38	GOOD

Spectral Data Information
Channel	Data
0	0
1	0
2	0
3	0
4	0
5	0
6	0
7	0
8	0
9	0
10	0
11	0
12	0
13	0
14	98
15	121
16	139
17	118
18	133
19	120
20	133
21	123
22	127
23	116
24	108
25	137
26	131
27	138
28	141
29	153
30	142
31	136
32	140
33	152
34	125
35	137
36	140
37	131
38	165
39	131
40	131
41	141
42	164
43	173
44	161
45	173
46	205
47	213
48	240
49	299
50	278
51	291
52	316
53	283
54	257
55	269
56	227
57	207
58	188
59	170
60	172
61	143
62	143
63	125
64	115
65	126
66	127
67	110
68	115
69	119
70	112
71	127
72	116
73	113
74	108
75	109
76	106
77	123
78	96
79	109
80	125
81	134
82	100
83	130
84	136
85	129
86	123
87	114
88	119
89	114
90	130
91	124
92	97
93	116
94	135
95	139
96	112
97	139
98	122
99	124
100	126
101	127
102	131
103	141
104	112
105	109
106	133
107	116
108	122
109	116
110	124
111	148
112	136
113	134
114	164
115	128
116	126
117	135
118	124
119	151
120	129
121	147
122	162
123	152
124	128
125	118
126	149
127	145
128	137
129	168
130	151
131	150
132	167
133	177
134	189
135	207
136	166
137	198
138	189
139	183
140	226
141	208
142	226
143	209
144	194
145	226
146	271
147	259
148	248
149	259
150	255
151	246
152	224
153	213
154	238
155	243
156	228
157	250
158	242
159	246
160	243
161	196
162	223
163	230
164	222
165	227
166	210
167	219
168	219
169	208
170	205
171	208
172	205
173	176
174	201
175	204
176	193
177	198
178	159
179	158
180	184
181	158
182	178
183	180
184	159
185	150
186	160
187	170
188	176
189	166
190	141
191	136
192	127
193	146
194	170
195	162
196	158
197	159
198	150
199	138
200	155
201	134
202	125
203	124
204	138
205	96
206	133
207	106
208	129
209	136
210	122
211	130
212	143
213	116
214	123
215	127
216	119
217	126
218	104
219	118
220	111
221	111
222	109
223	116
224	135
225	129
226	107
227	121
228	110
229	96
230	113
231	101
232	103
233	110
234	117
235	106
236	85
237	101
238	111
239	93
240	113
241	117
242	117
243	108
244	97
245	90
246	108
247	90
248	100
249	101
250	125
251	98
252	90
253	102
254	94
255	102
256	97
257	93
258	104
259	71
260	106
261	97
262	104
263	83
264	100
265	90
266	79
267	99
268	109
269	95
270	101
271	90
272	91
273	100
274	75
275	88
276	89
277	90
278	84
279	83
280	90
281	88
282	96
283	96
284	86
285	85
286	98
287	84
288	84
289	102
290	86
291	85
292	108
293	95
294	78
295	91
296	77
297	104
298	86
299	95
300	98
301	96
302	92
303	99
304	93
305	77
306	86
307	85
308	89
309	93
310	84
311	97
312	98
313	92
314	80
315	96
316	106
317	87
318	100
319	108
320	76
321	84
322	95
323	104
324	91
325	85
326	100
327	75
328	81
329	70
330	78
331	85
332	87
333	76
334	88
335	106
336	94
337	87
338	66
339	97
340	82
341	79
342	90
343	87
344	74
345	82
346	85
347	96
348	89
349	84
350	79
351	86
352	92
353	84
354	73
355	99
356	85
357	86
358	84
359	97
360	76
361	100
362	85
363	105
364	101
365	77
366	91
367	78
368	81
369	84
370	89
371	81
372	85
373	84
374	89
375	87
376	77
377	68
378	83
379	88
380	103
381	79
382	100
383	85
384	85
385	80
386	75
387	90
388	102
389	88
390	86
391	84
392	82
393	106
394	87
395	83
396	128
397	81
398	102
399	80
400	83
401	87
402	109
403	88
404	88
405	81
406	86
407	76
408	89
409	94
410	93
411	87
412	99
413	81
414	77
415	82
416	103
417	84
418	91
419	83
420	100
421	85
422	83
423	83
424	82
425	100
426	87
427	86
428	88
429	88
430	99
431	88
432	100
433	79
434	101
435	107
436	81
437	85
438	87
439	102
440	97
441	96
442	93
443	93
444	88
445	90
446	99
447	96
448	97
449	93
450	90
451	90
452	107
453	99
454	109
455	112
456	98
457	86
458	96
459	99
460	105
461	109
462	89
463	97
464	95
465	88
466	89
467	98
468	93
469	88
470	109
471	96
472	98
473	94
474	103
475	101
476	105
477	91
478	98
479	96
480	102
481	95
482	94
483	107
484	111
485	106
486	106
487	110
488	92
489	122
490	106
491	113
492	94
493	85
494	123
495	91
496	113
497	124
498	104
499	94
500	113
501	111
502	111
503	101
504	118
505	112
506	106
507	124
508	110
509	82
510	108
511	107
512	98
513	95
514	98
515	112
516	98
517	102
518	122
519	122
520	90
521	99
522	97
523	120
524	123
525	130
526	110
527	111
528	115
529	137
530	103
531	86
532	115
533	113
534	100
535	98
536	98
537	109
538	113
539	131
540	111
541	105
542	109
543	117
544	127
545	127
546	107
547	119
548	115
549	113
550	115
551	103
552	106
553	100
554	114
555	111
556	109
557	111
558	120
559	122
560	111
561	110
562	96
563	119
564	117
565	115
566	101
567	112
568	88
569	117
570	89
571	105
572	99
573	100
574	91
575	112
576	119
577	104
578	100
579	83
580	108
581	90
582	85
583	89
584	80
585	92
586	102
587	83
588	92
589	74
590	77
591	81
592	107
593	75
594	78
595	75
596	76
597	77
598	74
599	72
600	72
601	84
602	62
603	77
604	81
605	83
606	76
607	67
608	72
609	70
610	78
611	64
612	82
613	60
614	80
615	59
616	89
617	71
618	80
619	57
620	66
621	58
622	77
623	75
624	57
625	70
626	66
627	61
628	77
629	70
630	59
631	69
632	75
633	74
634	66
635	60
636	73
637	68
638	65
639	65
640	73
641	70
642	57
643	78
644	75
645	67
646	79
647	80
648	71
649	69
650	80
651	76
652	61
653	77
654	71
655	65
656	79
657	77
658	79
659	83
660	87
661	84
662	79
663	73
664	75
665	76
666	83
667	72
668	78
669	88
670	79
671	86
672	100
673	101
674	107
675	101
676	112
677	111
678	123
679	146
680	139
681	132
682	145
683	140
684	161
685	142
686	167
687	156
688	165
689	187
690	156
691	210
692	222
693	221
694	192
695	220
696	225
697	268
698	251
699	226
700	240
701	250
702	234
703	247
704	244
705	251
706	249
707	257
708	264
709	226
710	266
711	231
712	242
713	208
714	225
715	213
716	208
717	181
718	185
719	190
720	207
721	140
722	168
723	165
724	133
725	157
726	150
727	121
728	118
729	119
730	94
731	112
732	76
733	86
734	80
735	80
736	80
737	58
738	59
739	63
740	56
741	58
742	44
743	42
744	43
745	55
746	39
747	35
748	43
749	41
750	34
751	33
752	35
753	34
754	35
755	40
756	41
757	43
758	42
759	42
760	49
761	58
762	53
763	60
764	54
765	63
766	65
767	69
768	71
769	73
770	76
771	83
772	81
773	96
774	109
775	111
776	120
777	113
778	146
779	117
780	134
781	144
782	169
783	145
784	163
785	155
786	170
787	167
788	156
789	177
790	179
791	186
792	204
793	190
794	178
795	181
796	201
797	206
798	190
799	184
800	202
801	196
802	183
803	205
804	194
805	175
806	179
807	169
808	157
809	149
810	184
811	187
812	142
813	138
814	135
815	128
816	122
817	116
818	123
819	110
820	111
821	90
822	103
823	82
824	87
825	92
826	79
827	68
828	66
829	63
830	60
831	50
832	47
833	43
834	32
835	32
836	30
837	32
838	29
839	28
840	20
841	23
842	17
843	16
844	12
845	17
846	10
847	14
848	10
849	12
850	6
851	8
852	5
853	8
854	4
855	6
856	4
857	5
858	7
859	8
860	2
861	4
862	6
863	4
864	1
865	8
866	3
867	5
868	3
869	3
870	5
871	8
872	3
873	1
874	1
875	2
876	0
877	4
878	4
879	3
880	4
881	2
882	3
883	0
884	6
885	1
886	1
887	2
888	5
889	4
890	3
891	1
892	1
893	1
894	3
895	3
896	5
897	8
898	1
899	1
900	3
901	3
902	4
903	1
904	4
905	2
906	4
907	1
908	1
909	2
910	0
911	2
912	4
913	2
914	6
915	3
916	3
917	1
918	3
919	1
920	2
921	5
922	0
923	1
924	1
925	4
926	3
927	2
928	3
929	4
930	0
931	5
932	3
933	7
934	1
935	1
936	3
937	6
938	4
939	2
940	3
941	2
942	1
943	2
944	1
945	6
946	2
947	2
948	2
949	1
950	3
951	6
952	6
953	3
954	3
955	2
956	1
957	2
958	7
959	3
960	4
961	2
962	3
963	1
964	1
965	2
966	2
967	2
968	4
969	3
970	3
971	3
972	3
973	4
974	3
975	2
976	0
977	3
978	2
979	5
980	3
981	3
982	2
983	1
984	3
985	0
986	2
987	1
988	2
989	2
990	3
991	3
992	1
993	3
994	1
995	0
996	5
997	3
998	2
999	4
1000	3
1001	1
1002	1
1003	3
1004	4
1005	0
1006	2
1007	1
1008	2
1009	6
1010	2
1011	3
1012	1
1013	2
1014	4
1015	3
1016	2
1017	1
1018	2
1019	1
1020	1
1021	0
1022	5
1023	0
