Filename:  D:\Università\IFNS\Lab\Lab-IFNS\Dati\Stab_60Co\iv 60Co.mca
Description:  
TimeStamp:  03/21/2022 15:22:26

ROI Information
Start	End	FWHM (N)	Net Area	Gross Area	Centroid (N)	Uncertainty	Status
752	852	39.569	7881	9861	798.55	1.38	GOOD

Spectral Data Information
Channel	Data
0	0
1	0
2	0
3	0
4	0
5	0
6	0
7	0
8	0
9	0
10	0
11	0
12	0
13	0
14	103
15	115
16	119
17	128
18	118
19	119
20	113
21	126
22	104
23	117
24	137
25	135
26	118
27	110
28	114
29	133
30	141
31	140
32	132
33	140
34	128
35	124
36	139
37	111
38	146
39	137
40	140
41	168
42	156
43	152
44	184
45	180
46	208
47	223
48	251
49	260
50	293
51	296
52	296
53	282
54	277
55	219
56	219
57	207
58	159
59	191
60	181
61	154
62	160
63	133
64	104
65	121
66	115
67	126
68	112
69	114
70	116
71	113
72	88
73	116
74	134
75	124
76	112
77	103
78	95
79	123
80	127
81	135
82	131
83	113
84	131
85	128
86	155
87	113
88	111
89	123
90	128
91	123
92	130
93	124
94	119
95	133
96	121
97	144
98	116
99	111
100	117
101	106
102	158
103	112
104	113
105	129
106	136
107	155
108	125
109	128
110	140
111	135
112	132
113	124
114	149
115	126
116	142
117	141
118	143
119	127
120	145
121	142
122	122
123	144
124	143
125	140
126	123
127	143
128	151
129	140
130	149
131	157
132	161
133	168
134	164
135	186
136	182
137	217
138	190
139	201
140	223
141	205
142	251
143	219
144	204
145	237
146	252
147	220
148	230
149	244
150	244
151	240
152	269
153	238
154	230
155	212
156	218
157	237
158	232
159	222
160	247
161	205
162	209
163	246
164	218
165	203
166	227
167	216
168	239
169	193
170	257
171	202
172	194
173	199
174	200
175	199
176	204
177	185
178	176
179	184
180	172
181	166
182	180
183	168
184	141
185	143
186	152
187	146
188	165
189	164
190	145
191	148
192	145
193	136
194	162
195	164
196	138
197	121
198	130
199	134
200	151
201	137
202	120
203	114
204	111
205	146
206	131
207	114
208	112
209	117
210	136
211	135
212	115
213	125
214	117
215	111
216	111
217	106
218	115
219	128
220	132
221	117
222	127
223	120
224	97
225	97
226	99
227	110
228	106
229	103
230	117
231	118
232	106
233	102
234	97
235	93
236	100
237	102
238	117
239	97
240	120
241	87
242	105
243	98
244	117
245	95
246	94
247	94
248	100
249	97
250	96
251	97
252	86
253	104
254	87
255	101
256	98
257	94
258	86
259	78
260	80
261	101
262	85
263	83
264	86
265	97
266	90
267	106
268	97
269	98
270	97
271	73
272	90
273	97
274	103
275	82
276	97
277	113
278	95
279	94
280	81
281	90
282	105
283	89
284	88
285	78
286	86
287	99
288	92
289	104
290	93
291	89
292	91
293	95
294	99
295	86
296	93
297	81
298	108
299	86
300	96
301	103
302	88
303	95
304	93
305	100
306	90
307	92
308	96
309	81
310	89
311	79
312	87
313	88
314	85
315	87
316	89
317	90
318	93
319	101
320	85
321	88
322	87
323	73
324	102
325	100
326	97
327	96
328	92
329	95
330	96
331	92
332	91
333	87
334	90
335	94
336	95
337	87
338	115
339	82
340	102
341	79
342	85
343	85
344	94
345	80
346	76
347	94
348	73
349	76
350	97
351	80
352	89
353	84
354	94
355	84
356	85
357	90
358	97
359	90
360	92
361	90
362	88
363	79
364	85
365	96
366	96
367	90
368	84
369	86
370	77
371	95
372	103
373	86
374	79
375	83
376	94
377	94
378	93
379	72
380	93
381	91
382	100
383	81
384	86
385	93
386	111
387	69
388	99
389	99
390	88
391	91
392	88
393	77
394	102
395	90
396	119
397	90
398	78
399	94
400	86
401	97
402	83
403	88
404	102
405	96
406	89
407	91
408	69
409	92
410	90
411	70
412	106
413	94
414	87
415	92
416	88
417	94
418	97
419	102
420	116
421	100
422	75
423	102
424	79
425	94
426	103
427	104
428	88
429	101
430	88
431	81
432	101
433	89
434	88
435	94
436	89
437	80
438	93
439	89
440	98
441	102
442	90
443	108
444	108
445	85
446	92
447	108
448	98
449	91
450	99
451	97
452	86
453	100
454	104
455	91
456	89
457	77
458	100
459	96
460	105
461	99
462	99
463	96
464	111
465	104
466	100
467	98
468	104
469	105
470	102
471	90
472	108
473	93
474	106
475	121
476	117
477	119
478	119
479	101
480	96
481	92
482	98
483	95
484	104
485	94
486	107
487	88
488	100
489	100
490	96
491	116
492	86
493	97
494	99
495	92
496	113
497	117
498	93
499	112
500	119
501	126
502	98
503	136
504	90
505	122
506	113
507	116
508	104
509	101
510	85
511	107
512	110
513	99
514	102
515	96
516	112
517	96
518	133
519	109
520	111
521	90
522	107
523	122
524	112
525	113
526	110
527	83
528	111
529	110
530	119
531	86
532	102
533	119
534	113
535	119
536	113
537	121
538	116
539	103
540	101
541	106
542	108
543	96
544	105
545	125
546	114
547	116
548	126
549	102
550	112
551	107
552	139
553	110
554	107
555	127
556	119
557	103
558	119
559	120
560	112
561	135
562	121
563	102
564	102
565	111
566	109
567	105
568	116
569	116
570	106
571	118
572	97
573	97
574	103
575	115
576	103
577	94
578	114
579	102
580	94
581	94
582	92
583	91
584	95
585	103
586	94
587	80
588	86
589	71
590	84
591	68
592	88
593	100
594	75
595	70
596	79
597	86
598	72
599	94
600	73
601	71
602	90
603	79
604	78
605	82
606	77
607	86
608	90
609	69
610	68
611	80
612	72
613	71
614	75
615	77
616	74
617	74
618	66
619	66
620	69
621	69
622	71
623	76
624	72
625	71
626	61
627	61
628	74
629	82
630	70
631	62
632	66
633	66
634	68
635	80
636	65
637	83
638	77
639	64
640	54
641	79
642	73
643	70
644	67
645	82
646	79
647	74
648	66
649	78
650	70
651	85
652	69
653	76
654	63
655	80
656	69
657	63
658	66
659	79
660	83
661	69
662	78
663	81
664	66
665	83
666	83
667	73
668	90
669	86
670	105
671	94
672	92
673	92
674	122
675	131
676	110
677	118
678	121
679	138
680	103
681	131
682	126
683	160
684	138
685	165
686	172
687	176
688	160
689	175
690	192
691	184
692	166
693	209
694	218
695	227
696	223
697	227
698	200
699	224
700	230
701	218
702	281
703	240
704	249
705	256
706	270
707	225
708	279
709	249
710	223
711	218
712	230
713	245
714	228
715	244
716	217
717	198
718	191
719	195
720	181
721	180
722	149
723	160
724	165
725	132
726	128
727	124
728	118
729	107
730	114
731	88
732	88
733	84
734	82
735	79
736	56
737	68
738	67
739	58
740	56
741	38
742	62
743	49
744	48
745	34
746	38
747	32
748	30
749	35
750	39
751	36
752	31
753	32
754	40
755	33
756	38
757	27
758	42
759	48
760	41
761	53
762	48
763	54
764	67
765	63
766	51
767	74
768	75
769	69
770	74
771	91
772	88
773	94
774	102
775	115
776	108
777	119
778	120
779	129
780	130
781	128
782	149
783	145
784	157
785	199
786	146
787	144
788	159
789	179
790	177
791	184
792	170
793	194
794	195
795	192
796	205
797	165
798	182
799	223
800	168
801	176
802	192
803	178
804	202
805	188
806	180
807	160
808	164
809	156
810	167
811	155
812	171
813	178
814	155
815	136
816	121
817	138
818	126
819	96
820	106
821	96
822	101
823	91
824	84
825	69
826	69
827	70
828	60
829	56
830	52
831	56
832	44
833	46
834	32
835	35
836	23
837	28
838	21
839	28
840	30
841	19
842	16
843	11
844	21
845	12
846	14
847	11
848	6
849	10
850	11
851	8
852	9
853	12
854	3
855	5
856	4
857	6
858	3
859	3
860	8
861	2
862	3
863	2
864	1
865	8
866	5
867	2
868	2
869	1
870	2
871	4
872	1
873	9
874	4
875	4
876	4
877	3
878	1
879	1
880	6
881	4
882	1
883	5
884	3
885	5
886	2
887	2
888	3
889	2
890	1
891	3
892	1
893	2
894	4
895	7
896	4
897	3
898	3
899	2
900	0
901	0
902	3
903	3
904	1
905	4
906	2
907	2
908	1
909	3
910	1
911	2
912	2
913	3
914	1
915	4
916	3
917	2
918	1
919	1
920	2
921	0
922	3
923	5
924	4
925	3
926	5
927	4
928	3
929	2
930	4
931	1
932	2
933	2
934	9
935	5
936	6
937	4
938	1
939	6
940	4
941	1
942	1
943	1
944	3
945	2
946	6
947	2
948	3
949	1
950	0
951	4
952	2
953	2
954	1
955	4
956	4
957	4
958	0
959	1
960	2
961	5
962	1
963	2
964	4
965	4
966	2
967	1
968	2
969	1
970	1
971	1
972	4
973	2
974	1
975	2
976	2
977	2
978	3
979	2
980	6
981	3
982	2
983	1
984	3
985	3
986	4
987	1
988	0
989	2
990	3
991	3
992	3
993	2
994	3
995	3
996	1
997	2
998	3
999	1
1000	2
1001	1
1002	0
1003	2
1004	2
1005	0
1006	0
1007	3
1008	2
1009	2
1010	3
1011	2
1012	3
1013	2
1014	3
1015	2
1016	0
1017	2
1018	1
1019	1
1020	4
1021	2
1022	1
1023	2
